Tracked points: 67
Barrier: 10
Max acceptable difference: 10000

[791, 84;
 1138, 175;
 992, 205;
 997, 207;
 455, 228;
 1009, 249;
 503, 264;
 506, 252;
 503, 265;
 1179, 327;
 1216, 328;
 1242, 329;
 1249, 330;
 541, 362;
 544, 362;
 526, 373;
 529, 373;
 846, 376;
 760, 404;
 653, 431;
 650, 434;
 686, 443;
 663, 456;
 650, 460;
 634, 470;
 681, 484;
 727, 512;
 740, 519;
 630, 528;
 555, 524;
 547, 535;
 538, 538;
 349, 548;
 517, 542;
 768, 542;
 539, 544;
 499, 546;
 333, 551;
 436, 553;
 569, 556;
 740, 563;
 572, 572;
 530, 570;
 730, 588;
 229, 581;
 623, 596;
 704, 607;
 515, 620;
 827, 620;
 1140, 621;
 468, 646;
 485, 650;
 489, 652;
 510, 651;
 587, 665;
 610, 670;
 610, 673;
 651, 676;
 644, 678;
 669, 681;
 949, 678;
 666, 682;
 680, 687;
 699, 691;
 702, 692;
 779, 703;
 802, 706]