Features extracted and tracked: 815

[866, 11;
 951, 12;
 272, 14;
 796, 14;
 871, 14;
 793, 15;
 859, 15;
 800, 17;
 793, 19;
 866, 19;
 868, 19;
 870, 19;
 809, 20;
 805, 21;
 811, 21;
 816, 22;
 800, 23;
 807, 25;
 811, 25;
 862, 25;
 111, 26;
 868, 26;
 947, 27;
 816, 28;
 816, 30;
 944, 32;
 946, 33;
 940, 35;
 945, 35;
 797, 37;
 940, 39;
 791, 40;
 811, 43;
 813, 44;
 962, 58;
 274, 62;
 962, 63;
 944, 66;
 924, 69;
 926, 69;
 936, 69;
 471, 80;
 862, 93;
 856, 94;
 869, 94;
 875, 94;
 859, 95;
 845, 96;
 862, 96;
 878, 96;
 859, 98;
 863, 98;
 800, 99;
 807, 99;
 847, 99;
 867, 99;
 872, 99;
 928, 99;
 794, 100;
 845, 101;
 865, 101;
 787, 102;
 805, 102;
 877, 103;
 789, 104;
 815, 104;
 928, 104;
 787, 106;
 726, 107;
 719, 108;
 730, 109;
 662, 112;
 777, 112;
 1030, 112;
 564, 113;
 659, 113;
 709, 113;
 711, 113;
 816, 113;
 699, 114;
 696, 115;
 731, 115;
 659, 116;
 956, 116;
 656, 117;
 778, 119;
 564, 120;
 577, 120;
 727, 120;
 956, 120;
 947, 121;
 577, 126;
 942, 126;
 1000, 127;
 1028, 127;
 574, 129;
 962, 130;
 979, 130;
 1000, 130;
 1003, 130;
 568, 131;
 899, 131;
 910, 131;
 571, 132;
 573, 132;
 905, 132;
 980, 132;
 1027, 132;
 603, 133;
 894, 133;
 996, 133;
 1009, 133;
 606, 134;
 613, 134;
 718, 134;
 891, 134;
 1002, 134;
 569, 135;
 1024, 135;
 1018, 136;
 877, 137;
 568, 138;
 594, 138;
 874, 138;
 862, 140;
 593, 143;
 568, 144;
 580, 144;
 854, 145;
 562, 146;
 597, 148;
 576, 149;
 528, 150;
 602, 150;
 735, 150;
 847, 150;
 570, 151;
 573, 151;
 588, 151;
 735, 152;
 808, 152;
 577, 153;
 807, 154;
 573, 155;
 729, 155;
 575, 156;
 703, 157;
 575, 158;
 707, 158;
 602, 159;
 995, 159;
 1092, 159;
 1096, 159;
 1098, 159;
 1108, 159;
 1117, 160;
 544, 161;
 993, 161;
 1108, 161;
 1130, 162;
 549, 163;
 554, 163;
 633, 163;
 722, 163;
 1132, 163;
 552, 164;
 626, 164;
 1130, 164;
 1138, 165;
 574, 166;
 606, 166;
 568, 167;
 581, 167;
 1138, 167;
 494, 168;
 473, 169;
 657, 169;
 455, 170;
 494, 170;
 579, 170;
 334, 171;
 501, 171;
 556, 171;
 615, 171;
 632, 171;
 657, 171;
 682, 171;
 889, 171;
 485, 172;
 611, 172;
 1104, 172;
 365, 173;
 563, 173;
 608, 173;
 636, 173;
 1110, 173;
 433, 174;
 603, 174;
 633, 174;
 586, 175;
 637, 175;
 658, 175;
 660, 175;
 475, 176;
 577, 176;
 600, 176;
 692, 176;
 1100, 176;
 1111, 176;
 1131, 176;
 1135, 176;
 499, 177;
 570, 177;
 604, 177;
 615, 177;
 723, 177;
 1157, 177;
 584, 178;
 645, 178;
 647, 178;
 1136, 178;
 1151, 178;
 1154, 178;
 659, 179;
 663, 179;
 1099, 179;
 1159, 179;
 614, 180;
 1093, 180;
 1122, 180;
 588, 181;
 604, 181;
 610, 181;
 647, 181;
 1127, 181;
 629, 183;
 632, 183;
 714, 183;
 637, 184;
 1096, 184;
 1120, 184;
 627, 185;
 643, 185;
 657, 185;
 653, 186;
 1162, 186;
 632, 187;
 646, 187;
 908, 187;
 1148, 187;
 618, 188;
 650, 188;
 654, 188;
 656, 188;
 659, 188;
 784, 188;
 1164, 188;
 1168, 188;
 601, 189;
 622, 189;
 1151, 189;
 618, 190;
 650, 190;
 1170, 190;
 511, 191;
 647, 191;
 656, 191;
 1168, 191;
 604, 192;
 628, 192;
 637, 192;
 694, 192;
 648, 193;
 1173, 193;
 602, 194;
 609, 194;
 611, 194;
 645, 194;
 650, 194;
 707, 194;
 1176, 194;
 605, 195;
 654, 195;
 675, 195;
 688, 195;
 694, 195;
 732, 195;
 625, 196;
 645, 196;
 1168, 196;
 1177, 196;
 1183, 196;
 620, 197;
 704, 197;
 1186, 197;
 726, 198;
 1103, 198;
 1178, 198;
 1188, 198;
 618, 199;
 638, 199;
 647, 199;
 679, 199;
 703, 199;
 1108, 199;
 1184, 199;
 622, 200;
 635, 200;
 672, 200;
 674, 200;
 699, 200;
 1180, 200;
 1191, 200;
 659, 201;
 1150, 201;
 1155, 201;
 1185, 201;
 568, 202;
 609, 202;
 613, 202;
 674, 202;
 676, 202;
 1112, 202;
 1132, 202;
 1187, 202;
 1193, 202;
 582, 203;
 665, 203;
 1104, 203;
 1130, 203;
 1144, 203;
 1148, 203;
 1181, 203;
 279, 204;
 644, 204;
 660, 204;
 681, 204;
 1116, 204;
 1183, 204;
 1190, 204;
 634, 205;
 711, 205;
 1091, 205;
 1093, 205;
 1106, 205;
 1110, 205;
 1136, 205;
 1134, 206;
 1144, 206;
 1153, 206;
 1189, 206;
 1104, 207;
 1113, 207;
 1128, 207;
 1118, 208;
 1133, 208;
 1139, 208;
 1148, 208;
 615, 209;
 627, 209;
 678, 209;
 712, 209;
 1107, 209;
 1110, 209;
 1154, 209;
 1187, 209;
 1192, 209;
 624, 210;
 1096, 210;
 1101, 210;
 1125, 210;
 1190, 210;
 621, 211;
 707, 211;
 1113, 211;
 1139, 211;
 674, 212;
 703, 212;
 713, 212;
 1103, 212;
 1122, 212;
 1127, 212;
 1132, 212;
 1149, 212;
 1154, 212;
 633, 213;
 1108, 213;
 1125, 213;
 1136, 213;
 1180, 213;
 1188, 213;
 620, 214;
 778, 214;
 1111, 214;
 1141, 214;
 1143, 214;
 1158, 214;
 1185, 214;
 674, 215;
 734, 215;
 765, 215;
 767, 215;
 773, 215;
 1098, 215;
 1139, 215;
 700, 216;
 719, 216;
 728, 216;
 858, 216;
 1095, 216;
 1102, 216;
 1149, 216;
 1187, 216;
 1189, 216;
 716, 217;
 780, 217;
 797, 217;
 1147, 217;
 1179, 217;
 774, 218;
 802, 218;
 1111, 218;
 1175, 218;
 674, 219;
 703, 219;
 733, 219;
 799, 219;
 861, 219;
 1158, 219;
 1177, 219;
 1191, 219;
 697, 220;
 711, 220;
 741, 220;
 778, 220;
 831, 220;
 857, 220;
 699, 221;
 862, 221;
 697, 222;
 820, 222;
 1150, 222;
 1195, 222;
 705, 223;
 724, 223;
 732, 223;
 783, 223;
 801, 223;
 697, 224;
 752, 224;
 836, 224;
 1173, 224;
 1185, 224;
 774, 225;
 831, 225;
 844, 225;
 691, 226;
 723, 226;
 777, 226;
 780, 226;
 828, 226;
 1170, 226;
 1180, 226;
 697, 227;
 736, 227;
 750, 227;
 760, 227;
 817, 227;
 842, 227;
 1151, 227;
 1158, 227;
 1187, 227;
 1169, 228;
 1195, 228;
 778, 230;
 1146, 230;
 689, 231;
 844, 231;
 1179, 231;
 1196, 231;
 678, 232;
 691, 232;
 698, 232;
 722, 232;
 1146, 232;
 1171, 232;
 1174, 232;
 1198, 233;
 774, 234;
 1190, 234;
 753, 235;
 847, 235;
 1168, 235;
 1174, 235;
 1177, 235;
 752, 237;
 1156, 237;
 1166, 238;
 1183, 238;
 1185, 238;
 1187, 238;
 735, 239;
 1154, 239;
 1157, 239;
 1176, 239;
 692, 240;
 731, 240;
 745, 240;
 1183, 240;
 689, 241;
 1179, 241;
 683, 244;
 689, 244;
 692, 244;
 1175, 244;
 692, 247;
 695, 247;
 726, 247;
 749, 247;
 705, 250;
 710, 250;
 748, 250;
 691, 252;
 688, 253;
 706, 253;
 691, 254;
 700, 254;
 703, 255;
 720, 255;
 718, 256;
 746, 256;
 740, 257;
 699, 259;
 743, 261;
 280, 262;
 713, 263;
 748, 264;
 711, 265;
 722, 265;
 689, 267;
 639, 268;
 685, 268;
 710, 268;
 721, 268;
 679, 269;
 706, 269;
 687, 270;
 704, 270;
 744, 271;
 692, 273;
 685, 274;
 743, 274;
 698, 275;
 709, 275;
 700, 276;
 706, 277;
 745, 277;
 397, 278;
 719, 278;
 741, 279;
 673, 280;
 695, 280;
 705, 280;
 710, 280;
 717, 280;
 743, 280;
 699, 281;
 721, 281;
 688, 283;
 704, 283;
 706, 283;
 740, 283;
 746, 283;
 678, 284;
 708, 284;
 715, 284;
 720, 284;
 742, 284;
 784, 284;
 745, 285;
 674, 287;
 744, 287;
 952, 287;
 699, 288;
 950, 288;
 955, 289;
 958, 289;
 960, 289;
 962, 289;
 710, 290;
 694, 291;
 698, 291;
 704, 293;
 739, 293;
 693, 294;
 667, 295;
 697, 295;
 710, 295;
 720, 295;
 741, 295;
 650, 296;
 699, 296;
 687, 297;
 693, 297;
 739, 297;
 367, 298;
 702, 298;
 714, 298;
 708, 299;
 719, 299;
 691, 300;
 716, 300;
 743, 301;
 697, 303;
 700, 304;
 715, 304;
 664, 305;
 693, 305;
 696, 305;
 743, 305;
 284, 306;
 670, 306;
 701, 306;
 710, 306;
 672, 307;
 706, 307;
 741, 307;
 670, 308;
 681, 308;
 692, 308;
 708, 309;
 696, 310;
 678, 311;
 700, 311;
 670, 312;
 681, 312;
 703, 314;
 708, 314;
 714, 314;
 718, 314;
 625, 315;
 693, 317;
 706, 317;
 740, 318;
 694, 319;
 734, 319;
 692, 320;
 695, 321;
 732, 321;
 702, 322;
 707, 325;
 718, 325;
 729, 325;
 672, 326;
 732, 326;
 284, 327;
 671, 328;
 977, 331;
 677, 336;
 732, 336;
 646, 338;
 542, 339;
 356, 340;
 648, 340;
 644, 342;
 647, 342;
 688, 344;
 596, 345;
 684, 345;
 602, 346;
 1079, 346;
 621, 347;
 1081, 347;
 483, 348;
 1152, 348;
 1158, 348;
 638, 349;
 1085, 351;
 287, 352;
 414, 352;
 644, 352;
 640, 353;
 693, 353;
 939, 354;
 1081, 354;
 1122, 354;
 636, 355;
 640, 355;
 642, 356;
 646, 359;
 1152, 359;
 783, 360;
 1087, 360;
 400, 361;
 785, 361;
 797, 361;
 397, 363;
 785, 363;
 400, 364;
 639, 364;
 645, 364;
 650, 365;
 493, 366;
 408, 367;
 490, 367;
 639, 367;
 646, 367;
 493, 368;
 1152, 368;
 830, 369;
 1087, 369;
 505, 370;
 560, 370;
 648, 370;
 810, 371;
 814, 371;
 824, 371;
 1149, 371;
 286, 372;
 510, 372;
 664, 372;
 669, 372;
 897, 373;
 978, 373;
 485, 374;
 563, 374;
 627, 374;
 633, 374;
 640, 374;
 939, 374;
 941, 374;
 1087, 374;
 1098, 374;
 1144, 374;
 517, 375;
 1095, 375;
 1109, 375;
 830, 376;
 1104, 376;
 1106, 376;
 632, 377;
 606, 378;
 608, 378;
 641, 378;
 824, 378;
 826, 378;
 932, 378;
 934, 378;
 939, 378;
 980, 378;
 287, 379;
 532, 379;
 704, 379;
 706, 379;
 942, 379;
 966, 379;
 599, 380;
 733, 380;
 963, 380;
 1004, 380;
 551, 381;
 601, 381;
 615, 381;
 620, 381;
 636, 381;
 640, 381;
 649, 381;
 988, 381;
 498, 382;
 999, 382;
 1002, 382;
 479, 383;
 642, 383;
 713, 383;
 409, 384;
 648, 384;
 652, 384;
 400, 385;
 660, 385;
 711, 385;
 947, 385;
 969, 385;
 1001, 385;
 954, 386;
 712, 387;
 716, 387;
 717, 389;
 984, 393;
 1015, 400;
 288, 444;
 291, 448;
 511, 459;
 601, 470;
 318, 532;
 309, 546;
 302, 559;
 889, 568;
 919, 584;
 921, 586;
 926, 588;
 928, 589;
 1095, 589;
 455, 592;
 604, 605;
 602, 606;
 712, 634;
 697, 637;
 976, 643;
 574, 650;
 608, 651;
 460, 658;
 1000, 668;
 840, 681;
 1179, 707;
 216, 712]