3D points in world system: 943

[127.1366770824744, 0.5377619606757866, 0.1336873716377453;
 127.0519805878237, 1.137770189572984, 0.1416410513797789;
 127.0548599158197, 1.074298462876719, 0.1337419975053204;
 127.0267825000439, 1.257018588145937, 0.1391312500685069;
 127.0269469719541, 1.254271045584551, 0.1388273175469164;
 126.9465091892416, 1.698421215083334, 0.1410517643279609;
 126.8752144268734, 2.050553474656691, 0.1362785377052544;
 126.8290360263239, 2.283522714858163, 0.1339273060937534;
 126.842704629441, 2.489608877010761, 0.1550562271914698;
 126.9077164570809, 2.400655322392086, 0.1541912788050853;
 126.7875621587245, 2.77226615437859, 0.1534870250791449;
 126.8190936467186, 2.902088286298272, 0.1561690058633718;
 126.8199787121091, 2.88783867028507, 0.1554046727859408;
 126.6722381957889, 3.486363243694448, 0.2045813173632152;
 126.729633260602, 3.086235179236542, 0.1537883785962522;
 126.7269949230661, 2.871989870504692, 0.1397156051517723;
 126.6328590742936, 3.708310983679723, 0.2055105215764046;
 126.7173272603609, 3.32700955881111, 0.157794009731427;
 126.7044137897509, 3.208620299047115, 0.1522791066705271;
 126.7081914422166, 3.174305761924259, 0.1506541813910854;
 126.789556951095, 2.414437908272544, 0.1338682871581896;
 126.6788016522209, 3.336557969735824, 0.1511579795164544;
 126.655021267409, 3.21167104125318, 0.1334617917641114;
 126.6774442074626, 3.848922515486155, 0.1702468322981156;
 126.6804922912344, 3.807916752348574, 0.1684401298795232;
 126.6462786789559, 3.525209297408005, 0.1527591605091744;
 126.6154621459149, 4.43707985726224, 0.1878310029799785;
 126.6432350864628, 4.051689873162853, 0.1715835917087393;
 126.6460446885129, 3.823715140143287, 0.1553786993072776;
 126.5966630359203, 3.770871847221127, 0.1503412636365809;
 126.5980887021191, 3.560562597764871, 0.1392652511048885;
 126.5997284899855, 3.548878371041775, 0.138808982069193;
 126.6190007820363, 3.959414923405042, 0.1545864337885014;
 126.5616680647102, 3.977385971540166, 0.1524719859437389;
 126.5448075850341, 4.59662151553283, 0.1726173207523144;
 126.5601442780848, 4.427386467885655, 0.1662877565924393;
 126.5394539685425, 4.287357174627677, 0.1581606557483537;
 126.5295457311155, 4.159405408632977, 0.1535426533461535;
 126.5049944103654, 4.281326615073844, 0.1524029040815982;
 126.5046835899681, 4.399495399800815, 0.1511278829472242;
 126.4855872516246, 4.364977364735407, 0.1500296559251398;
 126.4925106850959, 4.129033891575771, 0.1396088965811759;
 126.4101399124123, 5.519852363651234, 0.1861405370725822;
 126.5105261625341, 3.451125856979533, 0.1170229203433602;
 126.5137042357189, 3.435345957413887, 0.1164871415615806;
 126.3807471659053, 5.494442863170756, 0.1735736496630644;
 126.3328349428489, 5.478672729760807, 0.1653385222847137;
 126.3717251734224, 4.980170431645537, 0.1504283159809869;
 126.4475895325013, 3.7894608267686, 0.1166402890113644;
 126.4665133105834, 3.694726837238786, 0.1137207487378925;
 126.3163484345067, 5.840318287155917, 0.1734837878671126;
 126.2607188538401, 6.716167207402445, 0.1963126570492675;
 126.2705135667648, 5.815437716198182, 0.1654725272978695;
 126.4236888248537, 3.924150731833582, 0.1137840809471775;
 126.3067045234971, 5.129271558776664, 0.1401757293862588;
 126.279047895629, 5.251407631074176, 0.1360676275897486;
 126.3404492377078, 4.364379653827831, 0.1164328040392198;
 126.0260281226166, 8.132785475355902, 0.1969216053687856;
 126.3285062867187, 4.431334101284455, 0.1151482415299558;
 126.3355688634284, 4.395567191217724, 0.1142177765646162;
 126.0939030879572, 8.162114624048577, 0.2104278360450322;
 126.3183983210548, 4.488800093968742, 0.1136881437798552;
 126.2814019639325, 5.147972549607634, 0.1334613228941198;
 126.2842383563804, 4.668283598520734, 0.1153176064670055;
 126.2705069613816, 4.744032731184443, 0.1143650108929761;
 126.1914035516013, 5.303660578346679, 0.1178210956867842;
 126.2273317898851, 4.97535485914033, 0.1144290564823739;
 126.229953844056, 4.961979329241671, 0.1141211005024796;
 125.9258310982377, 7.773872585416473, 0.1646119235709878;
 126.1542371508819, 5.499313228787338, 0.1182302647241547;
 126.2115155229382, 5.061543566427848, 0.1137955848693239;
 126.1673526183279, 5.2925893823153, 0.1163785010458043;
 126.1692420329738, 5.282933695979585, 0.1161659602643395;
 125.8224236675495, 8.686261487508931, 0.1858079970027927;
 126.088402060708, 6.067989731725478, 0.1317330245945572;
 126.0509549021502, 6.164287280868477, 0.1296650999817375;
 125.659005471257, 10.08644556098162, 0.1963512647685999;
 125.7520964607773, 9.068285856777504, 0.1859771289289387;
 126.0200572814773, 6.331573765735513, 0.1304379419588273;
 126.0988260403563, 5.65920062740479, 0.1167452282350254;
 126.111824381981, 5.592549040796007, 0.1153688720004133;
 126.0188772053921, 6.439866157649181, 0.1312478504060641;
 126.1054116548127, 5.630349362485483, 0.1138013286040352;
 125.5877542763719, 10.45951865229575, 0.1959344460085038;
 125.9583976329955, 6.665288384582398, 0.1318747018272547;
 125.9755066018578, 6.569861302692846, 0.1299875770870752;
 126.0773572530989, 5.779240248409266, 0.1144989822772083;
 126.0952607081658, 5.687194501480251, 0.1126735758077046;
 125.9403420539245, 6.760861768477067, 0.1311688994452087;
 125.9539579416029, 6.684977525040385, 0.1296973895442674;
 125.9576198967301, 6.664576727243009, 0.1293017818808187;
 126.0603153793144, 5.871535439009174, 0.1140689379728705;
 126.0319192270641, 6.022261046491778, 0.1147698837829837;
 125.4803989155067, 11.02469921916922, 0.195463077427752;
 125.9060769964583, 6.941883473892351, 0.1296474210217133;
 125.9944139386153, 6.219976332532177, 0.1163242331517769;
 125.6147952777953, 9.441392658156087, 0.1648532229790201;
 125.962763049271, 6.387626444004592, 0.1172690475294043;
 125.6065596781953, 9.661478644435171, 0.1732078351899961;
 125.3713029602397, 11.60511975218485, 0.1952942925187239;
 125.7902094395932, 8.016326636821377, 0.140215479084296;
 125.8793170744112, 6.827097340281637, 0.1209047985049927;
 125.9253777442128, 6.589351804072145, 0.1166906090672167;
 125.9952128827069, 7.047863256239498, 0.1231428728952553;
 125.8975599989804, 6.971914102284873, 0.1211552691812956;
 125.8608539388091, 6.926936423107198, 0.1205394999455473;
 125.7968947268111, 7.270618670059094, 0.1202470991535229;
 125.0941675706615, 13.68817536496124, 0.2120456424911339;
 125.3311210004438, 11.26753417481257, 0.1750515112118067;
 125.7666160586822, 7.431560486044506, 0.1209112267133908;
 125.8191098009874, 7.159617274708264, 0.1164829193470737;
 125.2367866054532, 12.17392927724122, 0.1920033481266013;
 125.3355194961137, 10.93640395967402, 0.16492107390249;
 125.8513917610152, 6.999400445441565, 0.1102849933727907;
 125.5747583623752, 9.307577659836289, 0.1426767374907937;
 125.748097255567, 7.53939568929838, 0.1169577134777469;
 125.8345986438788, 7.090025743808394, 0.1099809653206539;
 125.7412933712555, 7.578382059407442, 0.1157668890505917;
 125.1386266181853, 12.68504325353044, 0.1909719618243436;
 125.246137332305, 11.41020788445449, 0.1645874102993996;
 125.7385652021666, 7.596071802372445, 0.1142911970891805;
 125.7437912125955, 7.568894912639674, 0.1138819523942169;
 125.7608303140507, 7.477942667870964, 0.1116756973557545;
 125.7646075544172, 7.458317967708558, 0.1113823626022819;
 124.8323998127856, 15.14716029028506, 0.2145158250698371;
 124.7859873206079, 15.41124609541897, 0.2151765594916588;
 124.7526811506275, 15.56995594786043, 0.2143803749039858;
 125.3874595597813, 10.36296387797297, 0.1474890465949943;
 125.3912765293788, 10.33887148270452, 0.1471474183889284;
 125.3739768931434, 10.30721318703403, 0.1467820829680649;
 125.017090011286, 12.98923141593131, 0.183248457359338;
 124.5935157476239, 16.4139322187968, 0.2141100587099231;
 123.7273834387371, 25.077878577407, 0.3366479796173381;
 125.6225563381423, 8.222799781952521, 0.1097008208416654;
 124.5229613482315, 16.67637673212226, 0.2093137453122608;
 125.5712358230247, 8.493332141249692, 0.1096589466962266;
 124.6895755896684, 15.14537148372744, 0.1941453512201429;
 124.7597674727264, 14.70964540866314, 0.1898048791654157;
 124.7122469993671, 14.98682301009493, 0.1908929681873648;
 124.6073381915803, 15.5502563866209, 0.1907298462288429;
 124.9559418516761, 12.61135351349433, 0.1532866114602248;
 124.5168539782527, 16.12838612384961, 0.1953734113579924;
 124.8967288495041, 12.95034034747856, 0.1555023129972485;
 124.1197710748349, 18.93490542600897, 0.2263435911920548;
 124.1289014078884, 18.86694494710196, 0.2255380512084388;
 124.8601761385017, 13.15181368074501, 0.1560391781838647;
 124.4605790916633, 16.34947344057928, 0.191086656313506;
 124.350653251522, 16.99167534656533, 0.195130520802646;
 115.2051664762675, 65.00766586590089, 0.7379668006031703;
 118.3186764980585, 76.22139492266537, 0.8075586381975745;
 122.1006946947708, 30.02931282720615, 0.3297920192793647;
 124.2779834212715, 17.29105347734371, 0.1887735971296559;
 124.420202329445, 14.4527224996321, 0.1590287063282884;
 123.5618882312986, 22.08875296129956, 0.2343220775095654;
 110.7754440220749, 63.65901292160171, 0.6734937005659475;
 124.9794460587029, 11.65405439635481, 0.120841175923168;
 125.0119348645945, 11.482031611098, 0.1160533342360839;
 124.8719379432667, 12.22234894159439, 0.1210930042568818;
 125.1181808895555, 10.92516257205173, 0.1066524902138707;
 123.8232577944432, 19.30125285909225, 0.1760583507559642;
 125.1280656804323, 10.87514799399081, 0.1051374292126067;
 125.0150631944508, 11.47107696625704, 0.1098409524570828;
 125.0466131819895, 11.3052538486525, 0.1082519741467957;
 125.0913787164285, 11.06992497408837, 0.1059969989247147;
 125.122466664389, 10.90646556918554, 0.1044307165266741;
 125.0118910944598, 11.48976170573859, 0.1089764028231929;
 125.0193491170864, 11.45055370922687, 0.1086042610298845;
 125.0359439699074, 11.36330672143995, 0.1077761619775304;
 125.0842370663275, 11.10936548489026, 0.1053659249326186;
 125.0946755971016, 11.05446797126772, 0.1048448810126995;
 123.7207444751447, 19.84430736539311, 0.176168807278381;
 124.9805226823387, 11.65666369356345, 0.1095216832634921;
 125.0185369698279, 11.45866285003691, 0.1066578253170709;
 125.0044844246411, 11.53444546931668, 0.1063734927277687;
 125.0405148725546, 11.34484985702456, 0.1046237749014054;
 124.4423836187367, 14.8010724570395, 0.1356717919938712;
 124.9300550774993, 11.92792453551107, 0.108999527218175;
 124.9358634283212, 11.89736409790502, 0.1087200647441472;
 124.9644621594031, 11.74688135895257, 0.1073439709185499;
 123.683957584615, 20.16871487512221, 0.1831507295049724;
 124.9371635483822, 11.89238582268802, 0.1076903633890264;
 124.9691961173133, 11.72378464621382, 0.1061625571236491;
 125.0003286992731, 11.55989766432888, 0.1046774854544158;
 124.8476544712436, 12.35423885124006, 0.1098954938776272;
 124.9938050518154, 11.59597159825591, 0.1040619789340345;
 123.231471196647, 23.16670963472041, 0.201739684693088;
 124.9637742516208, 11.75582425224487, 0.1045590863938296;
 124.9477953386444, 11.71844656456661, 0.1038539622268706;
 124.9533371636903, 11.68986544191295, 0.1036002646564034;
 124.8542025482028, 12.33458919032747, 0.1087430788703896;
 124.9231517171632, 11.84930393415784, 0.1040929148091642;
 124.902515006458, 12.0835668907884, 0.1046826256126653;
 124.7924204862232, 12.66533904681201, 0.1087835952915152;
 124.802648387263, 12.61145326883194, 0.1083204572051055;
 124.8188324394782, 12.52618338356382, 0.107587581524644;
 124.8699452329435, 12.25684908686024, 0.105272736723529;
 124.8909112846251, 12.14635551454993, 0.1043230892120414;
 124.793040239116, 12.66380409459814, 0.1078440461371909;
 123.4118333324002, 21.91000567627069, 0.186028468422279;
 123.3442232511025, 22.27240506292829, 0.1859254216605025;
 124.8075084944142, 12.47179590790231, 0.1032218771276595;
 124.699310577973, 13.16461208096648, 0.1084182669502936;
 124.70355603442, 13.14222557748657, 0.1082337819996862;
 124.7203938796918, 13.05343584980993, 0.1075020767440884;
 124.7245677108184, 13.03142557653464, 0.1073206932947775;
 124.7452266675388, 12.92247838470287, 0.1064228784156218;
 124.6880201711494, 13.22579235393378, 0.108032663844677;
 124.7637651966536, 12.70494969446347, 0.1034421331369126;
 123.2516583293159, 22.48469825728907, 0.182504798800742;
 124.702111980966, 13.15306103987753, 0.1065676443740776;
 124.7104333163321, 13.10916230931902, 0.1062117455308932;
 123.1853980308679, 22.83957041882069, 0.1824058712972609;
 124.6067972168092, 13.65909125544072, 0.1089053178472917;
 120.3943795918484, 39.30691566284111, 0.2954994271324774;
 122.6329602362814, 26.70058243907812, 0.2068810866113788;
 124.6521532338969, 13.42130278578875, 0.106161730411974;
 122.9826964071097, 24.27066731599486, 0.1905735330421288;
 124.6691954342974, 13.21134309480487, 0.1033632412272096;
 124.5695502066262, 13.86035501108289, 0.1079292183395169;
 124.6730076508393, 13.19481080999054, 0.1024322273532756;
 124.6852236974011, 13.1314734938365, 0.1019397977862034;
 121.0297929950954, 38.3111535596978, 0.288546678114782;
 124.5852257988108, 13.77909889174785, 0.1064669883038324;
 124.5917575010063, 13.74461071985458, 0.1062003458380468;
 122.1580189478542, 30.0411768227155, 0.2315497357487696;
 124.527849354208, 14.08354674400646, 0.1079863665795129;
 124.5346200574027, 14.04779487789128, 0.1077120711140909;
 124.5480585229888, 13.97683298763891, 0.107167638515001;
 124.6438317491606, 13.35241722080926, 0.1020726541995542;
 122.9926224247702, 23.86745214718319, 0.1818489161456418;
 124.593643088575, 13.61590801640686, 0.1033002109759686;
 120.7543842869483, 39.96885556024041, 0.2942362854891324;
 124.6252039899171, 13.45521791716159, 0.1013106225661964;
 124.5164797423922, 14.02257045796606, 0.1047998370041641;
 120.4953517696508, 41.60929008950313, 0.3017273608051546;
 123.0691105209992, 23.10479377458599, 0.1690792516005278;
 124.418347512862, 14.59125940615327, 0.1078076400209092;
 124.4857236033432, 14.31186674201941, 0.1064722887505072;
 124.4906138477102, 14.15997081970694, 0.1050431578474704;
 124.5881758755478, 13.65347876802225, 0.1012803374813108;
 124.4798991147181, 14.34403782713954, 0.1059236918947715;
 124.529075540268, 13.96341860763504, 0.1028201042198764;
 124.4559978385488, 14.47172789630574, 0.1060837364582833;
 124.5532863534632, 13.8406240319509, 0.101169558133256;
 120.3282625137605, 42.4683267451207, 0.3013284961107882;
 124.4064285134068, 14.73509480125342, 0.1072293554112138;
 124.4457881653121, 14.52705214820875, 0.105714531892221;
 124.4616730021091, 14.44308530703394, 0.1051031463447644;
 124.4310751933745, 14.60617033741416, 0.1055226585064273;
 124.357738955627, 14.99522299043941, 0.1075578880792949;
 124.5000174778949, 14.12617756170156, 0.1010439497467506;
 124.3453367367209, 15.06215075170241, 0.1072687452727403;
 122.6637408765349, 25.62799888519987, 0.1813592231678274;
 122.8481013483077, 24.2839798976717, 0.1690107863589744;
 124.2455759940982, 15.51164163471765, 0.1089793681393678;
 124.3458127236571, 14.98966696163103, 0.1045731372042513;
 124.4446848009669, 14.42244966157341, 0.1009987641207308;
 124.498849817115, 14.25845821636176, 0.1004637627035242;
 122.5279065303912, 26.38172335704158, 0.1827784761551763;
 122.7080068436694, 25.03867009760274, 0.1695196953935383;
 124.3698656360789, 14.94621669942639, 0.1024249592565602;
 124.3777299813377, 14.78193974242017, 0.1006989059604393;
 122.5357921185643, 26.19857437691018, 0.17484591021459;
 122.6579534362214, 25.29877111130005, 0.1689843498990831;
 124.1495858524969, 16.03270623959049, 0.1066497505132222;
 122.440417055688, 26.70530718588923, 0.1747115595197479;
 122.5599367031596, 25.82330722621965, 0.1690836879595762;
 120.1585437954545, 42.26308594534216, 0.27103680588182;
 124.2908182645395, 15.25303963370889, 0.09918269670381663;
 122.2386130029189, 27.90270555719172, 0.1807269759064282;
 124.2449989292542, 15.49457361410078, 0.1001044933501485;
 124.2496585987621, 15.47026341845098, 0.09994721550039028;
 124.2430989605085, 15.50696977778792, 0.09954154618426878;
 122.0738946096833, 29.03587979508274, 0.184304116578517;
 123.8294963972527, 17.79565546630568, 0.1123588648968832;
 124.230860504636, 15.62260012748101, 0.09866764913963413;
 123.0692605572354, 22.03141453508057, 0.1338863258351778;
 124.1284366075746, 16.11283529214118, 0.101481734125962;
 124.1918473441075, 15.82924381047596, 0.09934668727059422;
 123.8917241982993, 17.40595722796929, 0.1085725135058054;
 124.1824108984216, 15.8334676792435, 0.09909565165042573;
 123.8805005811022, 17.46695302405083, 0.1082779691368771;
 124.1792369913364, 15.89905908457247, 0.09854823151798792;
 123.9014107715674, 17.39897135432247, 0.1088334973851714;
 124.017003285025, 16.70205838352675, 0.1032470569875213;
 124.053927007691, 16.55891075970453, 0.1020104389777894;
 121.9150186377839, 29.87934433690183, 0.1837861657604968;
 120.5987230604866, 37.9831921759852, 0.2317631496381135;
 124.1205831560011, 16.21244368011032, 0.09865810531608368;
 124.1253566455486, 16.18736318398795, 0.09850531804229282;
 120.9714389716582, 35.96466140919719, 0.2146612667147405;
 120.6491598067323, 37.27466997272497, 0.2249242756724947;
 123.9392777879312, 17.1179500606603, 0.1032678926823016;
 123.9498667708141, 17.06263158840794, 0.1029337104701045;
 124.0438104615631, 16.62278272494787, 0.09875384986032436;
 124.0626400347135, 16.47778662192154, 0.09821573447650883;
 123.8802871754094, 17.43351535088996, 0.1033044877221459;
 123.9240167063492, 17.25412012894062, 0.1019032061924565;
 123.8451249348434, 17.61971960064338, 0.1037942970559904;
 123.9929036088041, 16.89378568884099, 0.09918696102000749;
 124.0028831955156, 16.84131813118312, 0.09887858560405992;
 124.0145742250721, 16.73362673151282, 0.09856760502727942;
 124.0040918298712, 16.79065740288484, 0.09832477333488256;
 123.7990839360224, 17.86523198165894, 0.1040169784416954;
 123.9633144286666, 17.00838300434453, 0.09844835880836335;
 123.8731497518543, 17.48244589057986, 0.1006136204972324;
 122.8324232135743, 23.41460274923235, 0.1340587832610103;
 123.6337644740933, 18.85276688451359, 0.1074986935915258;
 123.7065137066716, 18.40807720317078, 0.1050047785908716;
 123.7937789134873, 17.94930772843604, 0.102385036764458;
 123.8845893741468, 17.4717337169554, 0.09965803536780508;
 122.0843465819535, 27.87164654564012, 0.157912381616223;
 122.1151454571816, 27.69902659640502, 0.1569372507334059;
 122.2146588538078, 27.00802768651916, 0.1531247496124882;
 123.6493027477304, 18.71063056394381, 0.106127095911472;
 123.7971039530722, 17.93354705724232, 0.1017148026530413;
 123.8178283086488, 17.7764159503338, 0.1011434552828689;
 123.9198023049145, 17.24255296363997, 0.09810194432798822;
 122.129626751634, 27.6106371007616, 0.1555564649188566;
 123.6662909323655, 18.68305724197613, 0.1053290843368298;
 123.6829191697285, 18.53573085605206, 0.1045409869902521;
 122.0586580724573, 28.00087002516906, 0.1568646688070276;
 122.0710076500851, 27.93170571051401, 0.1564783401118596;
 122.2586568073465, 26.75373163497585, 0.149985355064718;
 123.5567956975631, 19.26352430258331, 0.1079949392752309;
 123.6597713554773, 18.60813243172936, 0.1046907823140579;
 123.6870603864765, 18.51572710289249, 0.103842333094739;
 123.8027589803559, 17.85969044448764, 0.1004744651371056;
 123.613216805612, 18.96617335519448, 0.1057340037109791;
 122.1756239983333, 27.20321192698933, 0.1508083878753225;
 122.2276643899408, 26.9151554030695, 0.1492150642323699;
 123.544840729218, 19.26716531790142, 0.1068625355228516;
 123.585023396446, 19.11650402871389, 0.105981763040995;
 122.0545300454685, 28.0027197007632, 0.1542817857649623;
 123.478515703384, 19.61774255294713, 0.1082088825661748;
 123.5192742860716, 19.40342875781108, 0.1070254758774183;
 123.5500222950765, 19.24173153733081, 0.1061326243134176;
 123.7047425228628, 18.42782307165305, 0.101638620467801;
 123.7232819254044, 18.28237926429854, 0.1011483378587495;
 121.9331564303528, 28.67466184375681, 0.1571072439938034;
 123.6146163426349, 18.90370988954206, 0.1036942105133887;
 123.7632168079252, 18.12168821690413, 0.09940010586318333;
 123.7872308610456, 17.99527339642543, 0.0987059866114816;
 121.5358066993887, 30.89395446165392, 0.1683058762605687;
 123.4710581007551, 19.66063362160337, 0.1072623394310711;
 123.6508133224727, 18.71491969630019, 0.1020974495027642;
 123.7014890688195, 18.38686753633947, 0.1000787794555222;
 123.7532406800383, 18.17577201273766, 0.09915315944297468;
 123.5308380765144, 19.29688439612706, 0.1050254415709866;
 121.0178679584842, 34.24056879591447, 0.1831569034035048;
 121.8484700153993, 29.12714269654175, 0.1569981803962738;
 121.8677652475701, 29.01926287722468, 0.1564184106436323;
 121.9059394889406, 28.80588539435702, 0.1552716356898147;
 122.1342918146984, 27.40705176678562, 0.1478375738716133;
 122.3268383538203, 26.20543333410382, 0.1410831590925926;
 121.6529842647608, 30.21364924835402, 0.1619635839057447;
 121.858917255819, 29.06180510566273, 0.1558071239544073;
 122.0607993467708, 27.8084862872932, 0.1491932193734302;
 123.7202373992201, 18.30867924683429, 0.09856719627826989;
 121.3852028463354, 31.70639518599348, 0.1690338929266938;
 121.42268533766, 31.49620632449642, 0.1679168725926483;
 121.7789996165999, 29.50153065651068, 0.1573141101047582;
 121.8180380745863, 29.28336690958697, 0.1561541962681554;
 121.8944450478536, 28.85658777755166, 0.1538849865844795;
 121.9308485090137, 28.52216409381547, 0.1521966438565289;
 122.0517645428427, 27.85359160338431, 0.1486371358506194;
 122.0635504920916, 27.78845557050289, 0.1482903272896072;
 122.1331441648398, 27.40395325854493, 0.1462430151888598;
 123.6678617281813, 18.57146040801539, 0.09893096937587174;
 121.0561563327409, 33.97693192340557, 0.1788820847478882;
 121.8981487998369, 28.82931654868353, 0.1529243732095612;
 121.9405768857855, 28.46336246881938, 0.1510773421567515;
 123.6466132200259, 18.74495473568077, 0.09954594720202764;
 121.7291344057229, 29.76632886240067, 0.1570468665688011;
 121.7488774102354, 29.65604644489306, 0.1564667342894347;
 121.787937148371, 29.43791758000311, 0.1553192463815399;
 121.8136661290411, 29.29427408956265, 0.1545635686605878;
 121.8391505793582, 29.15202701257179, 0.15381521577769;
 121.9440866512567, 28.43905510695352, 0.1501515573206746;
 123.6151705085356, 18.85137881255776, 0.09936565478885151;
 121.9354271837044, 28.48207897826213, 0.1495883168321087;
 123.5715209616134, 19.13587210152521, 0.1002988865540595;
 120.9673649858036, 33.91120627512646, 0.1761197719968666;
 121.7256357683657, 29.77233349457446, 0.1554380785628509;
 121.8342056784668, 29.0366095531683, 0.1516971877936605;
 122.0158203344423, 27.68108606095729, 0.1448753068613151;
 120.5187058189053, 37.43369623666597, 0.1926465886389516;
 123.6032470311317, 18.97207220465663, 0.09840770369077831;
 123.49941475923, 19.52005266452697, 0.1007308102175805;
 121.0655378686599, 33.66322960846303, 0.1710502950153311;
 123.4658440885155, 19.69988557919306, 0.1006213068436548;
 123.5157324000214, 19.38438162920026, 0.09904667678638809;
 121.5320924622703, 30.8189867171788, 0.1567928781182044;
 123.5150439920499, 19.39002624768532, 0.09857185783497326;
 120.3054954366569, 38.58413164807089, 0.1935509380966021;
 120.3556379579107, 38.29007780208359, 0.1920845170135626;
 120.6610531895014, 35.93231161106547, 0.1806987116341758;
 121.8886036442503, 28.70844805405677, 0.1454274664247012;
 123.4010208857423, 20.05248375621158, 0.1016386092314657;
 123.4311477973382, 19.89370689861666, 0.1008330169864053;
 123.4578548100312, 19.75294221922395, 0.1001188222475203;
 123.4841845152614, 19.61415549640999, 0.09941467080850341;
 120.6104581240554, 36.20759795255685, 0.1811665988126293;
 121.7895314227246, 29.25040600514807, 0.1474198032589584;
 123.4893652470639, 19.58827310947946, 0.09878263484574433;
 121.2168540078189, 32.55761534248369, 0.1631210108254902;
 123.3580650476919, 20.28187537289274, 0.1017707313681999;
 123.367268206758, 20.2333659524341, 0.1015270745902046;
 123.4439382195063, 19.76849447551523, 0.09898896093830085;
 119.8780245474507, 41.26983530778356, 0.2037154164172674;
 120.1910087414914, 39.19507542904856, 0.193682508534244;
 121.1497243658188, 32.92533358048227, 0.1641351939293758;
 123.4112173614458, 19.94190773991927, 0.09936104025242185;
 123.4604883612221, 19.73567713974911, 0.09829383957435664;
 120.8593422454949, 34.75699904322106, 0.1705215662449336;
 123.3490076547273, 20.33400720420999, 0.1005192997131543;
 123.4059845322764, 20.03354925874863, 0.09903255094912131;
 119.6640340133096, 42.4658446212372, 0.2065210040891264;
 120.8120730099661, 35.01379519042786, 0.1709380667730331;
 121.5871321387338, 30.34420867432843, 0.1491606653074555;
 123.4116378860433, 20.00511176984256, 0.09840534841466765;
 120.0730435993025, 39.80682396372098, 0.1928750222882907;
 121.5342891740754, 30.63109171862329, 0.1498310305222371;
 121.720218697126, 29.46110645393691, 0.1438681884983782;
 123.3521363335866, 20.3203261225294, 0.09946810212517629;
 123.364136082421, 20.25703411134737, 0.0991579827704643;
 121.5337199486413, 30.62974978120481, 0.149095099724201;
 123.2944211579547, 20.62613024147529, 0.1004746375302599;
 123.3067245213497, 20.56123826108393, 0.1001582219786086;
 121.4872749671871, 30.88132266139019, 0.1495886219098458;
 120.1068822643955, 39.35035046391806, 0.1880780361151421;
 123.2580569700645, 20.820736015202, 0.1004448842768235;
 121.6046482566293, 30.08012704318031, 0.1440722405088317;
 123.2051819843855, 21.10105386385705, 0.1013097665105884;
 123.2178708978591, 21.03411788210243, 0.100988079394106;
 123.2831822645687, 20.6895566281991, 0.09933217957323033;
 123.2892904284992, 20.657329069541, 0.0991773017870914;
 120.5589290179206, 36.38179737893007, 0.1725375036232979;
 123.2248526747515, 20.99866910822113, 0.100335951043809;
 120.5457391143764, 36.44632246497415, 0.1720264684129295;
 121.3837566731763, 31.27837371732389, 0.148381398832527;
 121.5530674211113, 30.355824578505, 0.14401116902568;
 123.2255124742194, 20.99654987318229, 0.09984867967546208;
 123.273407227561, 20.73566258290142, 0.09837958989266354;
 120.3019215818401, 37.9878550002368, 0.1783116056154319;
 123.2199462021503, 21.0272669655819, 0.09952158533124984;
 123.2292664857987, 20.97808121593125, 0.09928856499880744;
 121.340386670246, 31.66434843296264, 0.1490406496892419;
 123.2230689375172, 21.00516249192331, 0.09826092148909817;
 123.2414282331978, 20.90836724582449, 0.09780762617596896;
 123.1844082538365, 21.21172512351153, 0.09830842585041569;
 123.196791548562, 21.14642852009316, 0.09800547159804811;
 119.2711614974394, 44.45838843069013, 0.2023688835958375;
 119.3316105239638, 44.1038218760124, 0.2007650712970315;
 120.8308814611076, 34.64194549928747, 0.1584040638717336;
 123.1488446349349, 21.40195863990569, 0.098279988340469;
 120.0596813605808, 39.28043594884971, 0.1784875363385923;
 120.2512276392145, 38.01732837523169, 0.1721029448513885;
 120.2481756343891, 38.02525843024509, 0.1713628564889884;
 123.1035116429632, 21.69714973559335, 0.09824490655760368;
 120.1167096263201, 38.72673185912183, 0.1714223333931613;
 119.407993755689, 43.29238031806833, 0.1903029651266387;
 119.4305783005661, 43.16207074876053, 0.1897332732082652;
 119.4864624202888, 42.83970816634184, 0.1883239027370461;
 119.5039773358165, 42.54182354479974, 0.187153042300318;
 119.5365686300163, 42.34155611692814, 0.1854602289015461;
 119.4152146414336, 43.00690545016761, 0.1867244933545022;
 119.2838805570852, 43.94250591139926, 0.1898073947978396;
 119.4994461025695, 42.31469506426559, 0.1822760446451848;
 119.5530475056111, 42.01165257537065, 0.1809760511710923;
 122.2920190254148, 26.07502724890369, 0.1129179090499501;
 118.9775213068364, 45.67411922844562, 0.1955563779411121;
 119.0506587918667, 45.25287367524957, 0.1937624809213837;
 118.7307546823101, 47.30294483299326, 0.2014786890179517;
 119.3809585712476, 42.93908342478294, 0.1818212096328757;
 119.413649498474, 42.75451156053866, 0.1810428640790377;
 119.4352902672515, 42.63234360988039, 0.180527667483645;
 119.1281413371108, 44.74356052465932, 0.1883665231769402;
 119.6818602805236, 41.05679037374142, 0.172534108019898;
 118.7942890971937, 46.62916622182144, 0.1946230934711556;
 118.9921570769414, 45.47790926059006, 0.1890536831597893;
 118.7629267315506, 46.77723301109754, 0.1936212918724714;
 119.1861156476609, 43.98330817634309, 0.1823631611511802;
 119.6099642166051, 41.42498485107051, 0.1711979212156327;
 118.6306139791507, 47.50444386844382, 0.1950009585996855;
 118.9373853142646, 45.55370362405831, 0.1871641451475073;
 119.0891945738387, 44.49702481592335, 0.1822176143186185;
 92.66972829762543, 182.258239282736, 0.7470372237903092;
 118.5614644049364, 47.86923059397562, 0.1948902850264407;
 119.0239184245796, 45.03698848926813, 0.183542357654164;
 119.5087258729733, 41.96558274055045, 0.1713003052890721;
 121.1513189806647, 32.36877946682559, 0.1328291627852841;
 119.0144756427696, 45.07820233341399, 0.1829637870521177;
 122.1416844333814, 26.81703453033174, 0.1095401091604923;
 118.479352301527, 48.30822980024103, 0.1950795923192524;
 118.9029013178159, 45.68622133153571, 0.1839270601535007;
 118.9496076300491, 45.42151261743558, 0.1828662002100861;
 114.1367514392409, 74.04403608749264, 0.2954432311918968;
 118.9395934600596, 45.28615211085707, 0.1817149379071302;
 113.4029521308665, 73.52075098906941, 0.2947629240203887;
 118.8495586853109, 45.96407782912686, 0.1835623712109431;
 119.0107485217543, 44.87588208679289, 0.1793553710571113;
 119.0446058698124, 44.68562266921487, 0.1785979565246418;
 119.3570465009568, 42.77138723675544, 0.1710860799092691;
 113.5298292186462, 72.48533009443426, 0.2897107659371302;
 115.6544446991586, 65.44762567414408, 0.2590205542280287;
 117.9242023653622, 51.6469514967451, 0.2050243033101236;
 113.7276542974385, 73.88937853224685, 0.2929534463896725;
 115.9657210854044, 63.58320466799533, 0.250694833464542;
 118.7520829100446, 46.47985758143493, 0.1834151056728671;
 118.8578709252377, 45.70444925052633, 0.1804893790499965;
 117.8301337381239, 52.1338650303182, 0.2045103749173135;
 118.003280935286, 51.13719626347941, 0.2006223067601035;
 118.0735154976252, 50.73308864022562, 0.1990457361827254;
 118.634917654643, 47.13077737950846, 0.1852410571956247;
 118.6714300018163, 46.92421284525536, 0.1844328046930007;
 118.8608193274046, 45.67788333250876, 0.1796752115924013;
 117.7726154595348, 52.42876629860776, 0.2040595213482402;
 118.2758573503377, 49.33585293266491, 0.1922211277960698;
 117.9819382801045, 51.20805161663197, 0.1985613418661432;
 118.7421323083375, 46.31422281426406, 0.1800435334642966;
 122.2413269845309, 27.14485874333211, 0.1054975991932484;
 118.1812402749315, 49.84622854629507, 0.1926978782692587;
 121.9733620334052, 27.65816233510131, 0.1077438929708782;
 121.954235634153, 27.82279783146823, 0.1079199470262913;
 122.2038504196975, 26.44178136825008, 0.1026007691313927;
 118.1400284539575, 50.05242742199943, 0.1920062736779735;
 118.3883555266418, 48.45290523900644, 0.1860267383650761;
 117.7714936617163, 52.31512294825792, 0.1982181868486288;
 118.1717317161604, 49.8307289919474, 0.1889846759122895;
 118.3407272617805, 48.68680937731242, 0.1847920512903507;
 118.3585477844465, 48.57491671850229, 0.1836719418040101;
 118.5916797208526, 47.09017401443167, 0.1781984933034711;
 118.1333233128933, 49.83345052771637, 0.1877000334367273;
 118.4133107113049, 48.25506990049756, 0.1817802624646119;
 118.8712401822674, 45.35992808435353, 0.1711361998645242;
 121.3061036160837, 31.32202472810095, 0.1184742837352051;
 121.3225083429481, 31.23478359632939, 0.1181441256736066;
 121.3388217026325, 31.14802707300277, 0.1178158025119433;
 118.2557263943145, 49.13192426768703, 0.1843744255053847;
 121.3286635549654, 31.20262202766066, 0.1175776284846312;
 121.2416804946815, 31.66579259880485, 0.1188758594891556;
 117.9512246616334, 51.01568994507111, 0.1898560597115828;
 121.2093048562438, 31.83855176724611, 0.1190776699591524;
 117.5060172484834, 53.52843127267803, 0.1984229528080376;
 118.7505938592838, 46.00065026710499, 0.1709652103927664;
 121.1668671762345, 32.06540372668421, 0.1190360417581908;
 117.4609874364789, 53.74164636356057, 0.1970181939271043;
 117.8448240574143, 51.56641005675586, 0.1890806455699638;
 118.2725531559399, 48.79205333430308, 0.1785330643572468;
 118.6641026365535, 46.45196752925458, 0.1701079103012829;
 118.6977501445616, 46.26537044669912, 0.1694267490055467;
 118.6380899326016, 46.58222564576081, 0.1693429211659124;
 118.9845603785333, 45.3866740762598, 0.164506480131053;
 117.6420239456387, 52.66293943727609, 0.1902908819448307;
 118.1219376304551, 49.59720802561531, 0.1788501599038083;
 118.4568619008258, 47.56579452361253, 0.1710415322451254;
 120.8793972259846, 33.59895564334452, 0.1211341114119105;
 121.1222261191507, 32.30728155194358, 0.1164748888400338;
 121.3828895993071, 30.92045633351994, 0.1114726505992973;
 121.2218624556762, 31.84756286491972, 0.1139443986809488;
 121.393895420931, 30.86284681904634, 0.1104682597182121;
 117.0828735423037, 55.96314238816264, 0.1984323464290565;
 118.4364549111253, 47.65825880946265, 0.1695436769009971;
 120.6959719324022, 34.65712490806477, 0.1235554164355514;
 120.7036328731324, 34.53554925967858, 0.1231801344510669;
 120.7286777933095, 34.40234418188057, 0.1227047711536275;
 121.0990536475709, 32.43213532084259, 0.1156739956460248;
 121.1908019407647, 32.01352086999085, 0.1141298358700597;
 120.7380300571032, 34.35318624944947, 0.1220938079170226;
 120.6217424464639, 34.97228455782132, 0.1238550584110762;
 120.6345171575054, 34.90434005916129, 0.1236143031696207;
 121.2989489400954, 31.36950700164951, 0.1110896189706727;
 120.7071360851642, 34.51866771225397, 0.1218162482349017;
 121.320150105913, 31.25714935820014, 0.1103008764302533;
 116.8002350937109, 57.50952439971292, 0.2010361266889427;
 117.469992232161, 53.52324838843277, 0.1872933413053417;
 121.4249129447427, 30.42621443556183, 0.1068141255519793;
 120.692083615336, 34.60043465339017, 0.1208256045634962;
 120.7532592738004, 34.2749906996945, 0.1196885609769674;
 121.1014937435729, 32.49072287889119, 0.1134051751670909;
 120.1940038661773, 37.60332964940719, 0.1319854270832785;
 121.1947042155476, 31.92659701786449, 0.1110960316190153;
 115.5115617435246, 65.25976546313059, 0.2245100432430937;
 116.8521304547621, 57.15644978417934, 0.1970519757415532;
 118.0785869104535, 49.5848665662979, 0.1714947677372778;
 121.0774082538683, 32.61942147186249, 0.113065045311361;
 121.1151672457882, 32.41768003084329, 0.1123657092063201;
 121.1958483079572, 31.92096771471591, 0.1106912113837016;
 120.9912214128712, 33.07990847676442, 0.1142652122430554;
 121.1165751815576, 32.41016303696529, 0.111951559292335;
 121.1695062831311, 32.12735470199286, 0.1109745947564483;
 121.2060113800408, 31.93230777172243, 0.1103008043723668;
 121.3091868445504, 31.31818248607473, 0.1082246489757343;
 121.1073162169491, 32.45963808787879, 0.1117364630150305;
 120.9561320922474, 33.26739882380057, 0.1141243844110315;
 121.1102372899676, 32.37797130640891, 0.1111205755436802;
 120.7526879941562, 34.18873885869879, 0.1168044634118992;
 121.1641515388921, 32.09146599517221, 0.1097600916016451;
 120.5881904555031, 34.9855678998254, 0.1191773591333433;
 121.0384215880459, 32.76110587246846, 0.1116695246656281;
 117.9231658166688, 50.40457405021647, 0.170776717937272;
 121.2750555224336, 31.33510697996431, 0.1067452671955828;
 116.395436793372, 59.62925088830867, 0.2000184531588563;
 120.5992575618996, 34.93219747139987, 0.1177913454047695;
 115.9310716301329, 62.45787042816876, 0.2086134588085105;
 116.3098908197753, 60.09888571031151, 0.2009123629578683;
 120.5967806008531, 34.94686465158822, 0.1174448015193319;
 115.8579998398717, 62.85681675656269, 0.2092403257261035;
 121.1672240308548, 31.8647308420563, 0.1065907086064178;
 117.7613359869278, 51.26625624899539, 0.1707936416403522;
 116.1358537332512, 61.04017170410145, 0.2020181246033984;
 116.2031004200504, 60.63291474636739, 0.1993565043143794;
 116.0997172468344, 61.20266439589398, 0.2005617259148324;
 116.0125694570554, 61.68061039517856, 0.2014605832983711;
 116.1846312738102, 60.71018949381243, 0.1983051304546103;
 119.7576173519019, 39.88193552272084, 0.1316905900018669;
 116.3914413919582, 59.33096401157469, 0.1926902128875341;
 116.080966237498, 61.25482520120287, 0.1981341929057222;
 116.107479160558, 60.85409643310771, 0.1938388748051703;
 117.1921875426337, 54.03939821314069, 0.1705283678013069;
 120.6906619775814, 34.2588503744448, 0.1063740893029969;
 115.1511777311527, 66.5467131816887, 0.2076391084163665;
 115.5803510845484, 63.90390914163537, 0.1983246824539885;
 120.6117070165026, 34.67639282253626, 0.1066819285300606;
 114.767651003681, 68.5769151827871, 0.2081012058812841;
 116.5435874465032, 57.41891488283756, 0.1738426832212102;
 115.2504702696269, 65.65557137031178, 0.1988018441410667;
 114.6956958265216, 68.95326639467034, 0.2079759883376197;
 115.1286786717921, 66.30148055606055, 0.1989423304225783;
 114.6488675014407, 69.17462052982185, 0.2067694998416092;
 120.2906961795914, 36.54868963933604, 0.1062884411833095;
 120.2144240251382, 36.9579588601603, 0.1059403165504808;
 114.3559310261855, 69.34163583139208, 0.1936414114666414;
 118.9130288577423, 44.27291413377647, 0.1249999059157994;
 120.0538233460148, 37.81429552206551, 0.1062672020599614;
 120.0827775562845, 37.66330871770256, 0.1055454133952059;
 120.5151136967105, 35.50338669812022, 0.09953386252051485;
 116.5544355547287, 57.14560172921209, 0.1582552584492855;
 120.5819754092966, 35.09936110144601, 0.09788806288324343;
 114.2320414186708, 69.82112048399983, 0.1924164747442725;
 120.5492697102708, 35.27340714708888, 0.09810044487412235;
 120.4432605635978, 35.83548019616315, 0.09938920450810973;
 120.5472925919064, 35.28478607200394, 0.09785993119083949;
 120.4782206204353, 35.65135233443962, 0.09860436227256653;
 120.4712025035712, 35.68942253113651, 0.09843749438993175;
 120.1412499183939, 37.4377715303559, 0.1026995030336242;
 120.4007381138282, 36.11566669807874, 0.09903064074498846;
 120.44158952674, 35.8480184798571, 0.09833296959435762;
 116.942225218346, 55.04274393775784, 0.1495378103652457;
 120.3591796022576, 36.28613879532264, 0.09899312475758036;
 120.3857121797538, 36.14566711012475, 0.09860941424216167;
 120.4795447427419, 35.64884898288501, 0.09725234146408415;
 120.0983552447152, 37.66774792053165, 0.1024876448560387;
 120.1268729931638, 37.51680940526572, 0.1020764295527127;
 120.1382159215295, 37.45677209312962, 0.1019128656606066;
 115.3838927841716, 63.5437378613764, 0.1711406616283155;
 115.4314936307953, 63.28771722742011, 0.1704508806716961;
 120.3134487931274, 36.53008101263359, 0.09911858435050205;
 120.3983012554934, 36.08080913160129, 0.09789802244112138;
 110.6804494920225, 88.97757282378163, 0.2385905288633321;
 120.2458854582398, 36.88962311377242, 0.09955505938396872;
 120.3319439026696, 36.43395873410466, 0.09832379392018163;
 120.3531259483071, 36.32179579022208, 0.09802072042800647;
 114.0067347706307, 70.98823229751343, 0.1888688339738056;
 114.4958964490192, 68.30488954273778, 0.1820098176650467;
 116.6884666245594, 56.3982365841663, 0.1507610506278214;
 116.6873119230278, 56.40274350409701, 0.1503710428427469;
 116.8341860440091, 55.61232542159444, 0.14826447399276;
 118.5245550158083, 46.19849813713993, 0.1234029769492793;
 120.3011380785163, 36.59974580640472, 0.09797841087379884;
 61.62883674338036, 356.4820424639631, 0.9550156456162037;
 102.4074328636154, 129.4578238906742, 0.3455087404088049;
 111.2358965435581, 85.74210365743936, 0.2267360817783547;
 118.48148316875, 46.42841083498942, 0.1233584448261804;
 115.2458341955461, 64.26547527182811, 0.1694337960925924;
 115.3093262140271, 63.92413969656383, 0.1685335169042504;
 114.6866460777974, 67.26495285463116, 0.1764156456608895;
 115.7506301940984, 61.36624638468443, 0.1612821653872007;
 115.865727334209, 60.74917640150062, 0.1596597888426608;
 116.1804746242337, 59.1208917498982, 0.1555418971964833;
 120.225333685678, 37.00556898538592, 0.09775748341239719;
 115.9052763954977, 60.59907891527521, 0.159011758786227;
 116.9108152418738, 54.83687287505279, 0.1439600885375532;
 115.1297543360016, 64.87949030580228, 0.1692678522038558;
 118.8289703078693, 44.36649875400654, 0.1160302278304833;
 111.4618399484278, 84.52105805865148, 0.2200086812263299;
 114.8705496851391, 66.26971079915376, 0.1724467287579531;
 115.0684151599147, 65.20667172396055, 0.1696790677443299;
 120.0469197312854, 37.97284138941153, 0.09925329647454156;
 114.8912649103794, 66.15598394621516, 0.1717037159232921;
 117.0938670008156, 53.86473783914273, 0.1392120262983213;
 108.0437751241988, 102.7172574683428, 0.2630191739279539;
 116.1059424164023, 59.45009803116933, 0.1530263530563823;
 117.1030216023641, 53.81627013903089, 0.1387280157408635;
 116.1725369600115, 59.09164936163975, 0.151712853762199;
 119.6593156992106, 40.03032183386907, 0.1030230363036644;
 119.9645218330511, 38.39482185870086, 0.09907618262419619;
 120.0426073544002, 37.98117501021845, 0.09800745757740351;
 120.0854262853073, 37.69013766273856, 0.09717740032313049;
 120.2261595305856, 37.1527042904853, 0.09551602674681446;
 120.0141639259441, 38.18353379912674, 0.09798792433096458;
 120.2470584862539, 37.13679770713226, 0.09516118010311421;
 117.1929037573001, 53.33891109615136, 0.1360926451479101;
 118.2202529696729, 47.82379773814089, 0.1221977678780202;
 119.5926020596706, 40.38608870710432, 0.103143504900049;
 120.0239352709438, 38.08261577339054, 0.09751454192899998;
 120.0879026422085, 37.63237404403642, 0.09631854501933733;
 120.2593308666323, 36.96136397001489, 0.09442745300035604;
 115.7849573622102, 61.21745618354753, 0.1553369601542847;
 119.8596940796254, 38.88638428309078, 0.09924361909111114;
 119.6183334942741, 40.32369979689211, 0.1025378281859842;
 116.9578568580538, 54.59027740686942, 0.1382304696394303;
 120.1611827260721, 37.48518041383771, 0.09479743723326584;
 120.068356899456, 37.78927822292773, 0.09546406610366311;
 105.2271646893027, 120.3706073355929, 0.301748755634062;
 110.9621056682759, 87.37352478584825, 0.2184581331712787;
 117.4584226765145, 51.92678929535293, 0.1304882133655549;
 119.4326437709357, 41.14626410438049, 0.103698544199594;
 119.496526511627, 40.97303732934482, 0.1031412133199784;
 119.7315595655197, 39.56872557959204, 0.0997155706835041;
 119.7432713795904, 39.50690092145781, 0.09955948670694369;
 119.7607702530886, 39.41452522734561, 0.09932627443780562;
 119.7723905215193, 39.35318098204802, 0.09917140540100379;
 119.9586414218152, 38.32149429269903, 0.09660226596752122;
 120.0295917751838, 37.94767611089681, 0.09565799157971248;
 119.4844903766457, 40.96440687581934, 0.102784814683749;
 119.5281472417335, 40.80540490940096, 0.1024608924135726;
 119.6261078352796, 40.33780488537534, 0.1012470942446475;
 111.2756653088393, 85.69216679066317, 0.2131778938747768;
 119.5646153860847, 40.45235358933584, 0.1014351401983792;
 119.8747625232561, 38.81498221123635, 0.09732213496891742;
 119.4795920165275, 40.99198145675113, 0.1023404486338814;
 119.5284200063464, 40.64462882652045, 0.1016631983179286;
 119.5651002292145, 40.45102175345249, 0.1011780466845252;
 105.1529883807826, 120.9800441158282, 0.3000756312959253;
 106.1892406215521, 112.7022850178333, 0.2792523043470261;
 117.3680728401695, 52.40849551806524, 0.1303889233492062;
 117.4500848119929, 51.72655652337563, 0.1288690814959621;
 119.3083903121786, 41.80707279205953, 0.1043153058053749;
 117.2253123937302, 53.13023521291898, 0.1317224416656405;
 119.4802178505253, 40.84851457031882, 0.1017042169240062;
 112.4297026086293, 79.50495916201693, 0.1958071580504599;
 112.4980621356124, 79.1387320550738, 0.1949036854747484;
 112.6378945859662, 78.18725386629049, 0.1929449822366554;
 117.0764833077038, 53.92119030998246, 0.133355398559107;
 117.3026448685108, 52.75717178559254, 0.1306071994818249;
 117.8774768380272, 49.69602120084723, 0.1230224709436952;
 118.4216299806091, 46.59425334778857, 0.1154853233856998;
 118.8334568607436, 44.82843042675974, 0.1106619034974728;
 119.0734789610938, 43.59767207414537, 0.1075816572313672;
 119.1412700188352, 43.17287282953288, 0.1065768684878796;
 115.3350227555221, 63.77521216908856, 0.1567333543097938;
 119.4327712303166, 41.36922245753465, 0.1022965599737747;
 117.7800439995847, 50.21527011771647, 0.1236963884069843;
 118.3894270520019, 46.76670243011633, 0.115341600435225;
 118.8743799223912, 44.1788370941193, 0.1088311376123208;
 118.9165004459337, 43.79973290987922, 0.1081426856304236;
 119.0142672550105, 43.28593891557239, 0.1068709259326349;
 119.4147897510318, 41.33923429732189, 0.1019359825000405;
 117.4183257387762, 51.90105872521574, 0.1277134141379246;
 117.7860418260677, 50.18344841486984, 0.1233141127871182;
 118.3304899388891, 47.05339943841203, 0.1156415798192009;
 118.4330595775636, 46.5369472924248, 0.1144915736196142;
 118.4419063924549, 46.29449670669315, 0.1140371448960305;
 118.6274581807052, 45.48475792228356, 0.1117789291957498;
 118.8194175113581, 44.4703694786232, 0.1092813910994462;
 119.0912847428368, 42.88281241453336, 0.1056123511889855;
 101.1795138592356, 135.9561360734342, 0.3325440255137182;
 104.6498566372948, 123.6312128514024, 0.302161672491372;
 115.2248104751469, 64.36057161226773, 0.1570148044940094;
 117.4745870647807, 51.60515494453288, 0.1266721384908671;
 117.8010919499637, 50.10340379304565, 0.1228154090642402;
 117.8590294814043, 49.54344608754438, 0.1214756692176755;
 118.5606102710415, 46.35707580169952, 0.1132673905527934;
 118.5098303956859, 45.85306735279708, 0.1125959169066311;
 118.7052266078385, 45.07490903440529, 0.1104982102830585;
 119.1266178167697, 42.69872426257005, 0.104899461685455;
 119.1658433395239, 42.56706543824009, 0.1046482294712057;
 119.3911014116514, 41.32522965560748, 0.1016283174709574;
 106.5066305316932, 110.7621118356649, 0.2692564144275439;
 115.1531718429318, 64.7431555127831, 0.1575642104168125;
 118.0139455214997, 48.72713171822267, 0.1191776900409705;
 117.7584393309966, 50.33085580015145, 0.12277140170828;
 117.9059295365672, 49.29855954069829, 0.1202839916995545;
 117.9323022909215, 49.15936065111661, 0.1199436445016313;
 118.0277321662334, 48.65561774044892, 0.1187120093350915;
 118.8835872298834, 43.97972733073234, 0.1075260844912812;
 104.3405620499826, 125.2710568259808, 0.3039460603651069;
 115.1291695886339, 64.86761964312939, 0.1571024519733999;
 117.8317619776951, 49.69130852324452, 0.1209491325478473;
 118.3147786961657, 47.14106980698432, 0.114729385695286;
 117.7112601526616, 50.32856137923904, 0.1222060341226104;
 118.1307851935682, 48.11397460592042, 0.1168176406102681;
 118.3428671379994, 46.99385014299496, 0.1140926542378987;
 119.0397940404939, 43.16186718431724, 0.1050080019391514;
 100.3971977520951, 141.2745470478944, 0.3425766185219843;
 119.001081114704, 43.36709082203995, 0.1052524099457049;
 113.7487069413293, 72.2657860623723, 0.1737741345515934;
 113.8403881636163, 71.77460634550037, 0.172591593434116;
 117.687285238543, 50.45775055703724, 0.1219281518567043;
 117.7055445631132, 50.36138721379643, 0.1216947965011006;
 117.7328022111962, 50.21752998140394, 0.1213464329395497;
 117.7689026823112, 50.02699325040403, 0.1208850379035044;
 118.7077553873789, 45.06779561886643, 0.1088789822698436;
 118.8227850338515, 44.3062450032487, 0.1072770743672625;
 119.0098873114422, 43.3224222927419, 0.1048891185346513;
 118.4252756500753, 46.56180998142868, 0.1122241605380473;
 118.964321128048, 43.5636969129888, 0.105219921743364;
 113.7452088793418, 72.28000163027025, 0.1729762661956729;
 117.9474497617325, 49.08693628955715, 0.1180382111435598;
 117.9903050030545, 48.86064059671853, 0.1174929247163523;
 118.0664500081277, 48.45852046067041, 0.116523996860069;
 118.2150154591713, 47.67380586907953, 0.1146332943656579;
 118.4570274945121, 46.60866340387467, 0.1120452828674668;
 112.7400817621956, 77.80152981530686, 0.1856597547700732;
 113.6789648446494, 72.63259849383324, 0.1734060444859336;
 117.7151477135395, 50.31462102545824, 0.1207063288597685;
 117.733169577127, 50.21948924846394, 0.1204776212034338;
 117.9441978270263, 49.10533114147893, 0.1177992087796483;
 117.9954897361574, 48.83446968712649, 0.1171481056623635;
 118.121260755596, 48.17020492929483, 0.1155514001999573;
 118.2516737696148, 47.48128017898865, 0.1138955238080375;
 118.6493944473303, 45.55984109178787, 0.1091455128280261;
 113.1819696070358, 75.42905182832627, 0.1795620510723502;
 117.6121286263553, 50.85969242156599, 0.1217246913559695;
 117.8630710208803, 49.53493816784786, 0.1185474932148778;
 118.7336770649437, 44.7815706252926, 0.1073905767419753;
 118.8744218191901, 44.19046136381567, 0.1057336549699336;
 113.2309082232161, 75.16361112247613, 0.178504342571577;
 112.8360159761253, 77.27853840197415, 0.1830988146009866;
 117.570026735205, 51.08453691280358, 0.1216814002437718;
 118.4436668873114, 46.46996160706538, 0.1106684292068877;
 118.5418264856195, 45.95107886185939, 0.1094303780753262;
 113.5802478077015, 73.15246432288272, 0.1729962987707878;
 113.6542873900476, 72.75595621899599, 0.1720574195778477;
 113.2972271685376, 74.7992554561033, 0.1763810658227234;
 113.5589987853046, 73.26192549243392, 0.172439700502451;
 114.1285448828986, 70.2105624653145, 0.1652494573365146;
 117.6353442708447, 50.74357292070446, 0.1200097613125333;
 117.6893407346604, 50.45846962923269, 0.1193340703678588;
 117.7338732528996, 50.2233181785699, 0.1187767778901146;
 117.7603927111574, 50.08327588040694, 0.1184448931533292;
 99.78828804630713, 146.0518846089262, 0.3446853741523733;
 117.6507190885309, 50.66364668956295, 0.1195375671034627;
 117.9387468695366, 49.14244760335112, 0.1159411033031599;
 113.5193155927278, 73.47014017364876, 0.1721199702950736;
 109.7634399745333, 93.52932434907768, 0.2184357691793695;
 117.6988722067986, 50.41182284354109, 0.1183834150746279;
 113.367141519892, 74.28057821487502, 0.1732093811303554;
 117.696116683047, 50.42758610446427, 0.1181430121532573;
 117.6933719295051, 50.44328541633891, 0.1179035831640077;
 104.3571886438468, 118.8117362300391, 0.2785871361732848;
 113.0888474363709, 75.89779797816472, 0.176067712352605;
 113.1280039033962, 75.68779744192989, 0.1755799454983373;
 104.5141959816252, 118.0173405783158, 0.2760705038535988;
 105.6118811135703, 115.4601934965821, 0.2674075068251671;
 102.3956194209927, 132.2738752004296, 0.3055665129486822;
 107.8402864813842, 102.0046230926925, 0.2370935462058389;
 109.5792085663735, 94.4952784362641, 0.2176491459624481;
 106.7069968083914, 109.6874677962604, 0.2522192834343426;
 112.5111314302258, 78.88621991256892, 0.1811865294919651;
 112.6571521793663, 78.10628178193276, 0.1793914929557793;
 103.5127770743476, 122.7739418631104, 0.2845962171124674;
 103.7490316031983, 122.0313472215365, 0.2821900737208328;
 117.9994327194026, 49.02288391419521, 0.1125937552910091;
 112.9117327194844, 76.73505650336058, 0.1742347450524812;
 112.9900811527419, 76.3162396882642, 0.1732820362612737;
 117.9733719645745, 49.16217780412664, 0.1121411710620202;
 101.8410154427284, 135.2514314246358, 0.3071221715060108;
 117.8447285489909, 49.62994172683424, 0.1129812408271167;
 102.040776682541, 134.2061510835617, 0.3040435960487114;
 112.8237601578925, 77.19890125757409, 0.1741036814367855;
 73.67173501508253, 278.1132274956883, 0.6292453899144285;
 117.8237052250152, 49.21374034263329, 0.1109148512188756;
 95.98204320155672, 162.3667160703977, 0.3671938099264841;
 117.8550982160908, 49.13961566953975, 0.1103108104767694;
 118.0390462047229, 48.18365104711367, 0.1081550190332015;
 117.8848546059786, 48.9880100602022, 0.1097225411466453;
 75.10123961879495, 270.5922296864744, 0.605557462713926;
 117.9194934312409, 48.81390143924239, 0.108843107774875;
 118.0133909058209, 48.33426477414854, 0.1070525405551715;
 117.9307949677537, 48.69506106993487, 0.1070845635847934;
 118.0395429442271, 48.13107761165708, 0.1058380453605149;
 118.1313094759199, 47.73166491111865, 0.1047834475986477;
 118.0106835823895, 48.28688330413139, 0.1057173473623516;
 118.1115303384555, 47.8452488987191, 0.1041194193957174;
 118.0529355739977, 48.15564455676498, 0.104343636383889;
 118.1404880014809, 47.63358818017518, 0.1027056540410971;
 118.0856939118932, 47.92103235793272, 0.1031061262187149;
 118.1284253942531, 47.70744202037915, 0.101985887319856;
 118.1371682971642, 47.73944394068587, 0.1014589487641488;
 118.3230815253856, 46.779088758744, 0.09857127781829828;
 118.3368886632134, 46.70703547506082, 0.09841881510317071;
 118.1119939890956, 47.81448451674084, 0.1004967548880154;
 118.2330598378314, 47.25343237132147, 0.09915703307883562;
 118.2963536349385, 46.92761420879638, 0.09805887024463421;
 118.2415580639149, 47.21813621083215, 0.09825774580722828;
 118.4353350552793, 46.21265240997253, 0.09556023120801316;
 118.4879257385786, 45.88408141646557, 0.0942417563210128;
 118.3992851220835, 46.9013800437132, 0.09563411980118171;
 118.3800993999218, 46.46197006930304, 0.09408113299287579;
 118.3887166985784, 46.95819899210028, 0.0947835463153662;
 107.8648723872995, 103.4383268200271, 0.2090125181807413;
 102.5184326083515, 131.7424337452849, 0.2397563869002621;
 102.61097231965, 131.2138942904854, 0.2385983537165467;
 51.98040586838743, 409.3999502711157, 0.736858286224914;
 103.2742062931469, 130.3479048449142, 0.2306851674584119;
 103.3608822609446, 129.8722944334384, 0.2298455868749534;
 108.1301995916723, 103.3401526847865, 0.1787687349361351;
 116.8996359666398, 55.04895702927109, 0.09482775883582722;
 114.8500515810864, 66.3340615745727, 0.1132604733669253;
 101.2642057665738, 138.392524165168, 0.231477013502814;
 111.7871272672754, 82.0477995325865, 0.1371173913108698;
 108.6025493547317, 100.258016925856, 0.1675046220170686;
 100.3835908657809, 144.4516846253335, 0.2386284663324372;
 91.263078481286, 192.2246658886877, 0.3133381198631173;
 109.7716861962024, 92.98804971795053, 0.1484426560744309;
 95.59687197463568, 169.8823917267991, 0.2688292211415538;
 102.290183362473, 132.3375626971618, 0.2092001999661193;
 111.6608020138369, 82.1615161690744, 0.1279302355454682;
 86.32672921907292, 217.5777893956259, 0.3370371705738515;
 99.23947029842644, 150.5518157389247, 0.232855381842274;
 109.9871508744869, 91.36502200844737, 0.1418993955440878;
 110.7719931072175, 88.78904156524061, 0.1369619359160858;
 89.24818783024662, 205.8877552709621, 0.3141925577171383;
 87.88219815910848, 209.334088520767, 0.3171288961822658;
 105.2148041321955, 117.7855441769541, 0.1793801182215156;
 100.202883395488, 144.4535282234703, 0.2183077213745763;
 74.11952433622508, 287.6205610251067, 0.433147694032993;
 112.8986698919538, 75.63857455435854, 0.114053390398987;
 23.31062749738691, 560.2537073336778, 0.8164417737618381;
 110.142275849827, 91.14635548271445, 0.1313444127258502;
 110.1775126031862, 90.95841684608482, 0.1310731927750652;
 102.0288193209047, 134.9030700731743, 0.1941464324204346;
 109.8792775963198, 92.32462585239192, 0.132538192175019;
 84.74051560167229, 230.3513954494075, 0.3272012758549819;
 94.03090414098787, 178.240242989007, 0.2516394618422938;
 113.1233226083328, 74.98986288652706, 0.1055523626033163;
 102.9715199506771, 130.9428620487606, 0.18472073450164;
 95.95507862116708, 165.8453178108942, 0.2336263858143444;
 98.45211673926069, 153.3105447816997, 0.2143872312960928;
 18.94146278070733, 578.6148751566258, 0.8089390896099745]