Tracked points: 943
Barrier: 10
Max acceptable difference: 10000

[948, 4;
 893, 8;
 946, 8;
 909, 9;
 911, 9;
 896, 12;
 927, 15;
 943, 17;
 813, 14;
 816, 13;
 821, 16;
 805, 16;
 809, 16;
 616, 12;
 819, 18;
 903, 19;
 613, 13;
 797, 19;
 827, 19;
 836, 19;
 944, 13;
 833, 20;
 945, 24;
 737, 20;
 745, 20;
 824, 21;
 667, 21;
 731, 21;
 808, 22;
 837, 23;
 905, 24;
 908, 24;
 812, 23;
 825, 24;
 726, 24;
 754, 24;
 794, 25;
 819, 25;
 825, 26;
 831, 27;
 838, 27;
 902, 28;
 672, 27;
 1083, 27;
 1088, 27;
 721, 29;
 758, 31;
 835, 31;
 1086, 30;
 1114, 30;
 721, 31;
 635, 31;
 757, 33;
 1113, 32;
 897, 35;
 924, 37;
 1087, 35;
 631, 41;
 1099, 36;
 1108, 36;
 590, 35;
 1113, 37;
 943, 34;
 1097, 38;
 1106, 39;
 1071, 44;
 1105, 41;
 1108, 41;
 758, 47;
 1067, 46;
 1111, 42;
 1086, 43;
 1088, 43;
 670, 44;
 955, 43;
 971, 45;
 631, 51;
 669, 46;
 965, 46;
 1082, 46;
 1095, 46;
 958, 46;
 1110, 47;
 632, 53;
 954, 48;
 968, 48;
 1103, 48;
 1121, 48;
 959, 49;
 970, 49;
 973, 49;
 1107, 49;
 1100, 50;
 633, 56;
 970, 51;
 1085, 51;
 755, 57;
 1076, 52;
 718, 53;
 633, 59;
 892, 55;
 1043, 54;
 1081, 54;
 1015, 54;
 1038, 55;
 1046, 55;
 1048, 58;
 580, 64;
 708, 64;
 1042, 59;
 1082, 59;
 644, 60;
 753, 66;
 1143, 61;
 874, 63;
 1077, 62;
 1146, 62;
 1088, 63;
 647, 63;
 754, 69;
 1102, 64;
 1106, 64;
 1128, 65;
 1131, 65;
 572, 70;
 570, 71;
 572, 72;
 844, 68;
 846, 68;
 849, 68;
 675, 68;
 572, 76;
 358, 70;
 1147, 73;
 585, 79;
 1147, 76;
 634, 75;
 649, 74;
 645, 75;
 645, 78;
 810, 80;
 629, 79;
 798, 81;
 540, 80;
 542, 80;
 795, 82;
 643, 82;
 629, 84;
 157, 86;
 138, 92;
 366, 89;
 650, 88;
 785, 88;
 519, 91;
 175, 97;
 1036, 94;
 1079, 97;
 1033, 99;
 1175, 101;
 695, 113;
 1192, 102;
 1140, 103;
 1157, 103;
 1182, 103;
 1200, 103;
 1149, 104;
 1153, 104;
 1162, 104;
 1189, 104;
 1195, 104;
 694, 116;
 1143, 105;
 1174, 106;
 1177, 107;
 1197, 107;
 916, 107;
 1148, 108;
 1151, 108;
 1166, 108;
 668, 107;
 1162, 109;
 1179, 109;
 1196, 109;
 1138, 112;
 1203, 110;
 602, 114;
 1197, 111;
 1207, 112;
 1210, 112;
 1150, 112;
 1204, 113;
 1195, 114;
 1149, 115;
 1154, 115;
 1162, 115;
 1188, 115;
 1199, 115;
 1159, 116;
 655, 114;
 655, 116;
 1213, 120;
 1152, 120;
 1154, 120;
 1162, 120;
 1164, 120;
 1174, 120;
 1156, 121;
 1210, 122;
 668, 120;
 1172, 122;
 1176, 122;
 668, 122;
 1146, 124;
 400, 136;
 583, 128;
 1176, 125;
 637, 124;
 1210, 127;
 1156, 127;
 1221, 128;
 1227, 128;
 408, 131;
 1172, 128;
 1175, 128;
 518, 125;
 1155, 129;
 1158, 129;
 1164, 129;
 1225, 130;
 669, 128;
 1210, 131;
 399, 134;
 1234, 132;
 1192, 133;
 388, 136;
 721, 136;
 1157, 135;
 1171, 133;
 1189, 134;
 1234, 134;
 1177, 134;
 1215, 135;
 1175, 135;
 1235, 136;
 388, 139;
 1162, 136;
 1179, 136;
 1186, 136;
 1181, 137;
 1158, 138;
 1236, 139;
 1161, 139;
 669, 138;
 720, 143;
 1143, 142;
 1192, 143;
 1236, 142;
 1241, 140;
 663, 141;
 717, 147;
 1216, 144;
 1239, 146;
 693, 149;
 719, 149;
 1167, 150;
 693, 152;
 718, 152;
 432, 154;
 1257, 153;
 669, 151;
 1245, 154;
 1247, 154;
 1252, 155;
 654, 154;
 1104, 158;
 1262, 158;
 918, 169;
 1227, 158;
 1253, 159;
 1144, 160;
 1257, 159;
 1147, 161;
 1263, 161;
 1141, 157;
 1205, 161;
 1219, 162;
 655, 159;
 512, 160;
 1261, 164;
 1263, 164;
 553, 166;
 529, 162;
 1204, 165;
 1208, 165;
 1259, 168;
 1267, 167;
 1203, 168;
 1219, 169;
 1197, 169;
 1253, 170;
 1257, 170;
 1262, 169;
 1265, 170;
 1194, 171;
 1263, 172;
 1235, 173;
 915, 173;
 1152, 175;
 1181, 175;
 1212, 175;
 1246, 175;
 769, 175;
 774, 175;
 795, 175;
 1168, 176;
 1220, 176;
 1228, 175;
 1267, 175;
 781, 176;
 1176, 177;
 1186, 177;
 774, 177;
 776, 177;
 812, 177;
 1146, 178;
 1185, 177;
 1194, 178;
 1236, 177;
 1171, 179;
 807, 179;
 816, 179;
 1159, 180;
 1168, 180;
 787, 180;
 1144, 181;
 1157, 181;
 1167, 181;
 1220, 181;
 1227, 180;
 772, 181;
 1195, 182;
 1248, 182;
 1257, 182;
 718, 182;
 1154, 183;
 1214, 183;
 1240, 184;
 1251, 183;
 1180, 183;
 654, 186;
 772, 184;
 775, 184;
 781, 184;
 823, 184;
 865, 185;
 747, 185;
 778, 185;
 815, 185;
 1259, 185;
 714, 186;
 719, 186;
 770, 186;
 776, 186;
 788, 186;
 798, 186;
 818, 186;
 820, 186;
 832, 186;
 1254, 188;
 670, 189;
 793, 187;
 804, 187;
 1245, 188;
 771, 188;
 774, 188;
 780, 188;
 784, 188;
 788, 188;
 809, 188;
 1248, 190;
 812, 189;
 1235, 191;
 683, 192;
 779, 190;
 800, 190;
 842, 190;
 617, 193;
 1259, 193;
 1229, 194;
 702, 196;
 1230, 196;
 1251, 196;
 771, 195;
 1257, 197;
 613, 198;
 618, 198;
 662, 198;
 835, 196;
 1217, 197;
 1227, 197;
 1236, 197;
 1245, 197;
 660, 199;
 823, 197;
 1253, 198;
 739, 198;
 1215, 199;
 1218, 199;
 1251, 200;
 579, 201;
 612, 201;
 734, 199;
 1246, 201;
 1259, 201;
 703, 203;
 1230, 202;
 1249, 202;
 570, 204;
 701, 204;
 812, 202;
 1257, 203;
 614, 205;
 808, 203;
 844, 204;
 1243, 204;
 1247, 204;
 812, 204;
 1230, 205;
 1234, 205;
 809, 205;
 631, 208;
 1230, 207;
 842, 208;
 1219, 208;
 1223, 208;
 1244, 208;
 1246, 208;
 693, 210;
 1231, 209;
 695, 211;
 816, 210;
 842, 210;
 1237, 210;
 1256, 211;
 668, 212;
 1241, 211;
 1244, 211;
 811, 211;
 1257, 214;
 1263, 214;
 1256, 216;
 1260, 216;
 580, 218;
 585, 218;
 758, 218;
 1256, 218;
 666, 219;
 693, 220;
 696, 221;
 1255, 221;
 695, 225;
 619, 226;
 621, 226;
 626, 226;
 631, 226;
 637, 227;
 632, 229;
 620, 230;
 649, 231;
 654, 231;
 1084, 231;
 600, 232;
 606, 232;
 580, 233;
 650, 235;
 653, 235;
 655, 235;
 624, 236;
 688, 237;
 602, 238;
 621, 239;
 605, 240;
 647, 240;
 693, 241;
 600, 242;
 628, 242;
 647, 243;
 125, 245;
 600, 244;
 641, 244;
 692, 244;
 911, 243;
 643, 245;
 1117, 245;
 599, 246;
 639, 247;
 643, 247;
 377, 248;
 648, 248;
 385, 250;
 640, 249;
 657, 249;
 660, 249;
 692, 249;
 393, 251;
 436, 250;
 566, 250;
 384, 251;
 452, 251;
 640, 252;
 652, 252;
 567, 253;
 579, 253;
 584, 253;
 633, 253;
 636, 253;
 655, 253;
 568, 255;
 607, 255;
 585, 256;
 653, 256;
 1147, 256;
 605, 257;
 1135, 257;
 1132, 258;
 1194, 258;
 607, 259;
 629, 259;
 585, 262;
 617, 262;
 633, 262;
 637, 263;
 659, 263;
 622, 264;
 644, 264;
 689, 264;
 1025, 265;
 1028, 265;
 1031, 265;
 634, 265;
 1033, 266;
 1021, 267;
 613, 267;
 1019, 268;
 584, 268;
 689, 268;
 1019, 270;
 588, 271;
 615, 271;
 656, 272;
 692, 272;
 695, 272;
 695, 274;
 713, 274;
 610, 275;
 654, 276;
 687, 277;
 999, 278;
 1041, 278;
 1090, 278;
 1064, 280;
 1100, 280;
 581, 280;
 693, 280;
 977, 281;
 981, 281;
 985, 281;
 1048, 281;
 1062, 281;
 990, 282;
 975, 283;
 977, 283;
 1093, 283;
 992, 284;
 1101, 284;
 572, 284;
 619, 284;
 1142, 287;
 1000, 287;
 1010, 287;
 1068, 287;
 909, 282;
 1092, 288;
 504, 288;
 584, 288;
 683, 288;
 1071, 289;
 1078, 289;
 1096, 289;
 1059, 290;
 1082, 290;
 1092, 290;
 1099, 290;
 1122, 290;
 1084, 291;
 1060, 292;
 1091, 292;
 1036, 294;
 1105, 293;
 1015, 295;
 1085, 294;
 685, 294;
 1140, 294;
 573, 296;
 1027, 298;
 546, 297;
 570, 297;
 1030, 299;
 544, 298;
 1141, 301;
 684, 299;
 566, 300;
 574, 302;
 570, 303;
 567, 304;
 577, 304;
 908, 301;
 596, 306;
 577, 307;
 591, 312;
 682, 319;
 1140, 329;
 545, 318;
 574, 320;
 1136, 332;
 542, 327;
 666, 332;
 571, 328;
 542, 329;
 570, 331;
 545, 332;
 1136, 346;
 1139, 351;
 585, 360;
 951, 353;
 1134, 358;
 1142, 359;
 1213, 358;
 733, 363;
 1235, 360;
 589, 365;
 1232, 361;
 1215, 362;
 1235, 362;
 1225, 363;
 1227, 364;
 1173, 366;
 1218, 366;
 1228, 366;
 779, 369;
 1219, 368;
 1224, 368;
 1242, 368;
 1175, 369;
 1180, 369;
 1182, 369;
 670, 373;
 673, 373;
 1217, 370;
 1233, 370;
 459, 375;
 1211, 372;
 1227, 372;
 1231, 372;
 599, 378;
 625, 377;
 771, 375;
 773, 376;
 785, 376;
 961, 376;
 1231, 375;
 69, 369;
 301, 379;
 487, 380;
 961, 378;
 676, 381;
 680, 381;
 646, 383;
 715, 382;
 723, 382;
 744, 381;
 1233, 380;
 726, 382;
 812, 383;
 676, 385;
 1027, 386;
 503, 386;
 662, 386;
 674, 386;
 1212, 385;
 665, 387;
 841, 389;
 406, 394;
 756, 390;
 844, 390;
 763, 391;
 1164, 391;
 1214, 389;
 1228, 389;
 1240, 390;
 1259, 390;
 1227, 391;
 1262, 391;
 861, 394;
 968, 393;
 1162, 394;
 1234, 392;
 1252, 393;
 1274, 393;
 742, 396;
 1212, 394;
 1168, 395;
 846, 397;
 1268, 397;
 1262, 398;
 341, 396;
 503, 402;
 900, 400;
 1156, 399;
 1160, 399;
 1205, 399;
 1207, 399;
 1210, 399;
 1212, 399;
 1247, 399;
 1260, 399;
 1165, 401;
 1168, 400;
 1182, 400;
 517, 404;
 1183, 401;
 1236, 401;
 1170, 403;
 1180, 402;
 1186, 402;
 342, 400;
 376, 406;
 900, 404;
 914, 404;
 1148, 403;
 890, 406;
 1180, 404;
 569, 408;
 572, 408;
 580, 407;
 878, 407;
 898, 406;
 958, 406;
 1028, 406;
 1070, 407;
 1102, 407;
 1114, 407;
 731, 409;
 1168, 406;
 952, 408;
 1029, 408;
 1095, 409;
 1105, 408;
 1119, 408;
 1174, 408;
 922, 409;
 955, 409;
 1026, 410;
 1037, 409;
 1044, 409;
 1064, 410;
 1090, 410;
 1133, 409;
 305, 417;
 338, 406;
 729, 412;
 930, 410;
 959, 410;
 973, 411;
 1042, 411;
 1059, 411;
 1077, 411;
 1141, 410;
 1143, 409;
 1180, 409;
 391, 415;
 726, 413;
 993, 412;
 959, 412;
 983, 413;
 986, 413;
 997, 413;
 1111, 412;
 335, 409;
 728, 415;
 977, 414;
 1034, 414;
 966, 415;
 1014, 415;
 1040, 415;
 1139, 414;
 294, 417;
 1136, 415;
 650, 418;
 655, 418;
 968, 417;
 970, 417;
 973, 417;
 977, 417;
 1093, 417;
 1113, 416;
 1140, 416;
 1058, 418;
 1136, 417;
 653, 420;
 1002, 419;
 1007, 419;
 1016, 419;
 1034, 419;
 1057, 418;
 602, 421;
 651, 421;
 978, 420;
 980, 420;
 1004, 420;
 1010, 420;
 1025, 420;
 1041, 420;
 1087, 420;
 625, 422;
 969, 421;
 997, 421;
 1111, 420;
 1127, 421;
 629, 423;
 611, 424;
 969, 423;
 1073, 423;
 1086, 423;
 652, 425;
 656, 425;
 637, 426;
 654, 427;
 686, 427;
 983, 426;
 989, 426;
 994, 426;
 997, 426;
 288, 426;
 987, 427;
 1020, 427;
 655, 429;
 498, 431;
 997, 429;
 650, 431;
 999, 430;
 1001, 431;
 382, 433;
 637, 433;
 639, 433;
 386, 434;
 391, 435;
 331, 437;
 458, 435;
 499, 437;
 419, 438;
 616, 438;
 623, 438;
 372, 439;
 375, 439;
 1048, 438;
 643, 443;
 647, 443;
 1052, 441;
 328, 444;
 1046, 443;
 332, 445;
 643, 446;
 120, 450;
 1073, 450;
 268, 449;
 1078, 451;
 1101, 451;
 1084, 452;
 124, 456;
 1093, 454;
 1112, 457;
 1112, 461;
 1126, 461;
 1137, 461;
 1127, 463;
 1144, 465;
 1141, 467;
 1161, 470;
 1156, 471;
 1169, 474;
 1174, 476;
 1210, 480;
 1212, 480;
 1186, 482;
 1202, 482;
 1216, 484;
 1213, 486;
 1249, 489;
 1268, 493;
 1238, 493;
 1269, 500;
 1249, 498;
 517, 493;
 424, 553;
 426, 554;
 66, 548;
 440, 557;
 442, 557;
 600, 569;
 1231, 580;
 1008, 584;
 436, 600;
 816, 602;
 645, 592;
 415, 603;
 295, 611;
 741, 626;
 351, 630;
 490, 637;
 881, 648;
 254, 649;
 420, 644;
 780, 647;
 800, 641;
 278, 647;
 274, 664;
 587, 653;
 458, 661;
 166, 656;
 999, 669;
 25, 680;
 836, 696;
 838, 696;
 526, 691;
 833, 695;
 256, 693;
 368, 706;
 1072, 715;
 553, 699;
 418, 712;
 456, 719;
 18, 715]