Tracked points: 309
Barrier: 10
Max acceptable difference: 10000

[1172, 8;
 1172, 11;
 91, 13;
 88, 16;
 484, 19;
 92, 22;
 475, 35;
 1167, 33;
 89, 32;
 485, 44;
 1170, 38;
 92, 41;
 1168, 42;
 478, 53;
 474, 55;
 485, 56;
 475, 38;
 92, 63;
 620, 85;
 478, 94;
 1200, 97;
 92, 95;
 1164, 96;
 1203, 100;
 407, 108;
 1201, 108;
 96, 114;
 96, 116;
 1199, 128;
 1199, 121;
 972, 126;
 1199, 128;
 478, 138;
 1164, 149;
 67, 148;
 1162, 171;
 621, 179;
 284, 180;
 1136, 193;
 100, 189;
 99, 193;
 485, 209;
 102, 208;
 1193, 207;
 101, 216;
 1158, 213;
 1158, 223;
 103, 228;
 484, 242;
 1158, 236;
 104, 241;
 120, 244;
 105, 260;
 61, 277;
 65, 280;
 105, 286;
 965, 286;
 961, 301;
 479, 311;
 961, 304;
 960, 316;
 481, 328;
 107, 333;
 481, 349;
 958, 342;
 954, 343;
 111, 344;
 963, 344;
 1146, 356;
 110, 353;
 482, 363;
 69, 355;
 1148, 360;
 1181, 357;
 110, 363;
 957, 363;
 952, 364;
 961, 367;
 1145, 364;
 1146, 370;
 1181, 366;
 1146, 369;
 111, 374;
 1147, 375;
 111, 376;
 73, 380;
 1145, 396;
 408, 394;
 1177, 400;
 1177, 399;
 1175, 411;
 948, 417;
 1176, 425;
 489, 439;
 1174, 429;
 489, 442;
 878, 446;
 1141, 443;
 1140, 457;
 617, 454;
 1172, 453;
 135, 455;
 116, 457;
 574, 458;
 118, 461;
 417, 454;
 483, 476;
 1171, 476;
 1138, 491;
 116, 488;
 484, 500;
 490, 514;
 362, 512;
 398, 511;
 414, 514;
 417, 514;
 490, 518;
 120, 513;
 942, 516;
 319, 517;
 418, 518;
 297, 521;
 418, 520;
 874, 519;
 1003, 519;
 488, 522;
 800, 521;
 794, 523;
 743, 524;
 964, 523;
 771, 525;
 958, 525;
 1002, 525;
 922, 525;
 962, 527;
 967, 527;
 923, 528;
 709, 529;
 728, 529;
 741, 529;
 568, 530;
 996, 530;
 696, 531;
 587, 532;
 653, 532;
 995, 533;
 298, 532;
 485, 534;
 487, 534;
 567, 534;
 577, 534;
 589, 535;
 608, 535;
 614, 535;
 970, 535;
 990, 535;
 668, 536;
 643, 537;
 482, 538;
 494, 538;
 520, 538;
 503, 539;
 517, 539;
 523, 539;
 991, 540;
 477, 541;
 479, 541;
 492, 541;
 509, 541;
 512, 541;
 488, 542;
 857, 542;
 481, 544;
 487, 544;
 473, 546;
 475, 546;
 473, 548;
 469, 549;
 781, 549;
 819, 549;
 737, 550;
 793, 550;
 994, 550;
 437, 552;
 671, 551;
 683, 551;
 422, 552;
 414, 555;
 422, 554;
 618, 554;
 593, 555;
 596, 556;
 675, 557;
 422, 559;
 479, 559;
 415, 561;
 417, 561;
 444, 560;
 385, 565;
 1161, 573;
 299, 574;
 299, 576;
 294, 585;
 549, 583;
 293, 585;
 547, 587;
 584, 590;
 1059, 589;
 288, 593;
 286, 594;
 1160, 584;
 291, 593;
 607, 592;
 286, 596;
 291, 595;
 1162, 587;
 291, 597;
 282, 602;
 289, 600;
 282, 604;
 284, 604;
 321, 604;
 654, 604;
 126, 608;
 550, 611;
 751, 615;
 1159, 618;
 617, 620;
 596, 622;
 1158, 624;
 125, 620;
 591, 624;
 584, 629;
 1157, 630;
 261, 632;
 432, 630;
 125, 629;
 1127, 635;
 125, 631;
 1131, 636;
 141, 635;
 1232, 641;
 1221, 642;
 1219, 642;
 1254, 642;
 1256, 643;
 1134, 641;
 1210, 643;
 1222, 643;
 1225, 644;
 1233, 645;
 397, 644;
 1156, 645;
 1184, 646;
 125, 641;
 1167, 646;
 128, 642;
 323, 646;
 1149, 647;
 1159, 647;
 1166, 648;
 1169, 648;
 1183, 649;
 129, 645;
 1157, 650;
 1153, 649;
 130, 647;
 533, 650;
 954, 652;
 483, 655;
 469, 659;
 644, 663;
 817, 665;
 466, 662;
 469, 662;
 473, 662;
 241, 666;
 1049, 666;
 856, 665;
 130, 666;
 607, 673;
 510, 675;
 1186, 676;
 529, 676;
 840, 675;
 610, 679;
 845, 678;
 619, 684;
 502, 687;
 791, 686;
 770, 689;
 656, 690;
 946, 693;
 536, 696;
 916, 698;
 504, 696;
 817, 700;
 764, 707;
 679, 708;
 1080, 714;
 703, 719;
 765, 715;
 927, 719;
 988, 707;
 494, 719;
 606, 718;
 648, 712;
 412, 714;
 457, 704]